# This is data for a Photon Count Rate vs Bias curve
# Wafer : Device	Pa230518 : R9C10
# Bias Resistor : 1000000
# PCR measure comments: Si-WSi 220 nm short bridge
# Si-WSi 220 nm short bridge
# Counter setup: keysight53220A
# 	Trigger Threshhold: -60 mV
# 	Noise Rejection: False
# 	Gate integration: 0.15 s
# Pulsed ON
# 
# Cols: unixtime-[s]	 Bias-[V]	 Sense_Voltage-[V]	 Counts-[#Photons]	 Threshold-[mV]	 Min Peak Voltage-[mV]	 Peak to Peak Voltage-[mV]
1697128969.711841 -0.00000 0.00000 11 -45.000 -47.3989621 94.7979242
1697128969.711841 -0.00000 0.00000 2 -45.000 -47.3989621 94.7979242
1697128969.711841 -0.00000 0.00000 6 -45.000 -47.3989621 94.7979242
1697128969.711841 -0.00000 0.00000 0 -45.000 -47.3989621 94.7979242
1697128969.711841 -0.00000 0.00000 9 -45.000 -47.3989621 94.7979242
1697128980.3922286 -0.00000 0.00000 0 -55.000 -47.3989621 94.7979242
1697128980.3922286 -0.00000 0.00000 0 -55.000 -47.3989621 94.7979242
1697128980.3922286 -0.00000 0.00000 0 -55.000 -47.3989621 94.7979242
1697128980.3922286 -0.00000 0.00000 0 -55.000 -47.3989621 94.7979242
1697128980.3922286 -0.00000 0.00000 0 -55.000 -47.3989621 94.7979242
1697128990.410337 -0.00000 0.00000 0 -65.000 -47.3989621 94.7979242
1697128990.410337 -0.00000 0.00000 0 -65.000 -47.3989621 94.7979242
1697128990.410337 -0.00000 0.00000 0 -65.000 -47.3989621 94.7979242
1697128990.410337 -0.00000 0.00000 0 -65.000 -47.3989621 94.7979242
1697128990.410337 -0.00000 0.00000 0 -65.000 -47.3989621 94.7979242
1697129001.6825907 -0.00500 -0.00005 5 -45.000 -47.3989621 89.6737128
1697129001.6825907 -0.00500 -0.00005 7 -45.000 -47.3989621 89.6737128
1697129001.6825907 -0.00500 -0.00005 3 -45.000 -47.3989621 89.6737128
1697129001.6825907 -0.00500 -0.00005 3 -45.000 -47.3989621 89.6737128
1697129001.6825907 -0.00500 -0.00005 6 -45.000 -47.3989621 89.6737128
1697129012.3522022 -0.00500 -0.00005 0 -55.000 -47.3989621 89.6737128
1697129012.3522022 -0.00500 -0.00005 0 -55.000 -47.3989621 89.6737128
1697129012.3522022 -0.00500 -0.00005 0 -55.000 -47.3989621 89.6737128
1697129012.3522022 -0.00500 -0.00005 0 -55.000 -47.3989621 89.6737128
1697129012.3522022 -0.00500 -0.00005 0 -55.000 -47.3989621 89.6737128
1697129022.3683374 -0.00500 -0.00005 0 -65.000 -47.3989621 89.6737128
1697129022.3683374 -0.00500 -0.00005 0 -65.000 -47.3989621 89.6737128
1697129022.3683374 -0.00500 -0.00005 0 -65.000 -47.3989621 89.6737128
1697129022.3683374 -0.00500 -0.00005 0 -65.000 -47.3989621 89.6737128
1697129022.3683374 -0.00500 -0.00005 0 -65.000 -47.3989621 89.6737128
1697129033.7529871 -0.01000 -0.00480 5 -45.000 -52.5231771 99.92213919999999
1697129033.7529871 -0.01000 -0.00480 4 -45.000 -52.5231771 99.92213919999999
1697129033.7529871 -0.01000 -0.00480 8 -45.000 -52.5231771 99.92213919999999
1697129033.7529871 -0.01000 -0.00480 10 -45.000 -52.5231771 99.92213919999999
1697129033.7529871 -0.01000 -0.00480 6 -45.000 -52.5231771 99.92213919999999
1697129044.422817 -0.01000 -0.00480 0 -55.000 -52.5231771 99.92213919999999
1697129044.422817 -0.01000 -0.00480 0 -55.000 -52.5231771 99.92213919999999
1697129044.422817 -0.01000 -0.00480 0 -55.000 -52.5231771 99.92213919999999
1697129044.422817 -0.01000 -0.00480 0 -55.000 -52.5231771 99.92213919999999
1697129044.422817 -0.01000 -0.00480 0 -55.000 -52.5231771 99.92213919999999
1697129054.3380992 -0.01000 -0.00480 0 -65.000 -52.5231771 99.92213919999999
1697129054.3380992 -0.01000 -0.00480 0 -65.000 -52.5231771 99.92213919999999
1697129054.3380992 -0.01000 -0.00480 0 -65.000 -52.5231771 99.92213919999999
1697129054.3380992 -0.01000 -0.00480 0 -65.000 -52.5231771 99.92213919999999
1697129054.3380992 -0.01000 -0.00480 0 -65.000 -52.5231771 99.92213919999999
1697129065.623415 -0.01500 -0.00000 6 -45.000 -47.3989621 99.92213919999999
1697129065.623415 -0.01500 -0.00000 4 -45.000 -47.3989621 99.92213919999999
1697129065.623415 -0.01500 -0.00000 6 -45.000 -47.3989621 99.92213919999999
1697129065.623415 -0.01500 -0.00000 7 -45.000 -47.3989621 99.92213919999999
1697129065.623415 -0.01500 -0.00000 4 -45.000 -47.3989621 99.92213919999999
1697129076.4188545 -0.01500 -0.00000 0 -55.000 -47.3989621 99.92213919999999
1697129076.4188545 -0.01500 -0.00000 0 -55.000 -47.3989621 99.92213919999999
1697129076.4188545 -0.01500 -0.00000 0 -55.000 -47.3989621 99.92213919999999
1697129076.4188545 -0.01500 -0.00000 0 -55.000 -47.3989621 99.92213919999999
1697129076.4188545 -0.01500 -0.00000 0 -55.000 -47.3989621 99.92213919999999
1697129086.415983 -0.01500 -0.00000 0 -65.000 -47.3989621 99.92213919999999
1697129086.415983 -0.01500 -0.00000 0 -65.000 -47.3989621 99.92213919999999
1697129086.415983 -0.01500 -0.00000 0 -65.000 -47.3989621 99.92213919999999
1697129086.415983 -0.01500 -0.00000 0 -65.000 -47.3989621 99.92213919999999
1697129086.415983 -0.01500 -0.00000 0 -65.000 -47.3989621 99.92213919999999
1697129097.5944765 -0.02000 0.00000 4 -45.000 -52.5231771 94.7979242
1697129097.5944765 -0.02000 0.00000 5 -45.000 -52.5231771 94.7979242
1697129097.5944765 -0.02000 0.00000 6 -45.000 -52.5231771 94.7979242
1697129097.5944765 -0.02000 0.00000 4 -45.000 -52.5231771 94.7979242
1697129097.5944765 -0.02000 0.00000 4 -45.000 -52.5231771 94.7979242
1697129108.364837 -0.02000 0.00000 0 -55.000 -52.5231771 94.7979242
1697129108.364837 -0.02000 0.00000 0 -55.000 -52.5231771 94.7979242
1697129108.364837 -0.02000 0.00000 0 -55.000 -52.5231771 94.7979242
1697129108.364837 -0.02000 0.00000 0 -55.000 -52.5231771 94.7979242
1697129108.364837 -0.02000 0.00000 0 -55.000 -52.5231771 94.7979242
1697129118.3945196 -0.02000 0.00000 0 -65.000 -52.5231771 94.7979242
1697129118.3945196 -0.02000 0.00000 0 -65.000 -52.5231771 94.7979242
1697129118.3945196 -0.02000 0.00000 0 -65.000 -52.5231771 94.7979242
1697129118.3945196 -0.02000 0.00000 0 -65.000 -52.5231771 94.7979242
1697129118.3945196 -0.02000 0.00000 0 -65.000 -52.5231771 94.7979242
1697129129.6653883 -0.02500 0.00000 6 -45.000 -52.5231771 94.79792789999999
1697129129.6653883 -0.02500 0.00000 7 -45.000 -52.5231771 94.79792789999999
1697129129.6653883 -0.02500 0.00000 11 -45.000 -52.5231771 94.79792789999999
1697129129.6653883 -0.02500 0.00000 4 -45.000 -52.5231771 94.79792789999999
1697129129.6653883 -0.02500 0.00000 7 -45.000 -52.5231771 94.79792789999999
1697129140.3905141 -0.02500 0.00000 0 -55.000 -52.5231771 94.79792789999999
1697129140.3905141 -0.02500 0.00000 0 -55.000 -52.5231771 94.79792789999999
1697129140.3905141 -0.02500 0.00000 0 -55.000 -52.5231771 94.79792789999999
1697129140.3905141 -0.02500 0.00000 0 -55.000 -52.5231771 94.79792789999999
1697129140.3905141 -0.02500 0.00000 1 -55.000 -52.5231771 94.79792789999999
1697129150.3516717 -0.02500 0.00000 0 -65.000 -52.5231771 94.79792789999999
1697129150.3516717 -0.02500 0.00000 0 -65.000 -52.5231771 94.79792789999999
1697129150.3516717 -0.02500 0.00000 0 -65.000 -52.5231771 94.79792789999999
1697129150.3516717 -0.02500 0.00000 0 -65.000 -52.5231771 94.79792789999999
1697129150.3516717 -0.02500 0.00000 0 -65.000 -52.5231771 94.79792789999999
1697129161.7471461 -0.03000 -0.00000 9 -45.000 -47.3989621 94.7979242
1697129161.7471461 -0.03000 -0.00000 7 -45.000 -47.3989621 94.7979242
1697129161.7471461 -0.03000 -0.00000 5 -45.000 -47.3989621 94.7979242
1697129161.7471461 -0.03000 -0.00000 7 -45.000 -47.3989621 94.7979242
1697129161.7471461 -0.03000 -0.00000 7 -45.000 -47.3989621 94.7979242
1697129172.4178941 -0.03000 -0.00000 0 -55.000 -47.3989621 94.7979242
1697129172.4178941 -0.03000 -0.00000 0 -55.000 -47.3989621 94.7979242
1697129172.4178941 -0.03000 -0.00000 0 -55.000 -47.3989621 94.7979242
1697129172.4178941 -0.03000 -0.00000 0 -55.000 -47.3989621 94.7979242
1697129172.4178941 -0.03000 -0.00000 0 -55.000 -47.3989621 94.7979242
1697129182.4231799 -0.03000 -0.00000 0 -65.000 -47.3989621 94.7979242
1697129182.4231799 -0.03000 -0.00000 0 -65.000 -47.3989621 94.7979242
1697129182.4231799 -0.03000 -0.00000 0 -65.000 -47.3989621 94.7979242
1697129182.4231799 -0.03000 -0.00000 0 -65.000 -47.3989621 94.7979242
1697129182.4231799 -0.03000 -0.00000 0 -65.000 -47.3989621 94.7979242
1697129193.707361 -0.03500 -0.00000 7 -45.000 -47.3989621 99.92213919999999
1697129193.707361 -0.03500 -0.00000 4 -45.000 -47.3989621 99.92213919999999
1697129193.707361 -0.03500 -0.00000 6 -45.000 -47.3989621 99.92213919999999
1697129193.707361 -0.03500 -0.00000 9 -45.000 -47.3989621 99.92213919999999
1697129193.707361 -0.03500 -0.00000 7 -45.000 -47.3989621 99.92213919999999
1697129204.3770201 -0.03500 -0.00000 0 -55.000 -47.3989621 99.92213919999999
1697129204.3770201 -0.03500 -0.00000 1 -55.000 -47.3989621 99.92213919999999
1697129204.3770201 -0.03500 -0.00000 1 -55.000 -47.3989621 99.92213919999999
1697129204.3770201 -0.03500 -0.00000 0 -55.000 -47.3989621 99.92213919999999
1697129204.3770201 -0.03500 -0.00000 0 -55.000 -47.3989621 99.92213919999999
1697129214.4052954 -0.03500 -0.00000 0 -65.000 -47.3989621 99.92213919999999
1697129214.4052954 -0.03500 -0.00000 0 -65.000 -47.3989621 99.92213919999999
1697129214.4052954 -0.03500 -0.00000 0 -65.000 -47.3989621 99.92213919999999
1697129214.4052954 -0.03500 -0.00000 0 -65.000 -47.3989621 99.92213919999999
1697129214.4052954 -0.03500 -0.00000 0 -65.000 -47.3989621 99.92213919999999
1697129225.6902094 -0.04000 0.00000 8 -45.000 -47.3989621 89.6737128
1697129225.6902094 -0.04000 0.00000 6 -45.000 -47.3989621 89.6737128
1697129225.6902094 -0.04000 0.00000 15 -45.000 -47.3989621 89.6737128
1697129225.6902094 -0.04000 0.00000 8 -45.000 -47.3989621 89.6737128
1697129225.6902094 -0.04000 0.00000 9 -45.000 -47.3989621 89.6737128
1697129236.3486173 -0.04000 0.00000 0 -55.000 -47.3989621 89.6737128
1697129236.3486173 -0.04000 0.00000 0 -55.000 -47.3989621 89.6737128
1697129236.3486173 -0.04000 0.00000 0 -55.000 -47.3989621 89.6737128
1697129236.3486173 -0.04000 0.00000 1 -55.000 -47.3989621 89.6737128
1697129236.3486173 -0.04000 0.00000 0 -55.000 -47.3989621 89.6737128
1697129246.375452 -0.04000 0.00000 0 -65.000 -47.3989621 89.6737128
1697129246.375452 -0.04000 0.00000 0 -65.000 -47.3989621 89.6737128
1697129246.375452 -0.04000 0.00000 0 -65.000 -47.3989621 89.6737128
1697129246.375452 -0.04000 0.00000 0 -65.000 -47.3989621 89.6737128
1697129246.375452 -0.04000 0.00000 0 -65.000 -47.3989621 89.6737128
1697129257.7502553 -0.04500 0.00000 11 -45.000 -52.5231771 94.7979242
1697129257.7502553 -0.04500 0.00000 12 -45.000 -52.5231771 94.7979242
1697129257.7502553 -0.04500 0.00000 9 -45.000 -52.5231771 94.7979242
1697129257.7502553 -0.04500 0.00000 11 -45.000 -52.5231771 94.7979242
1697129257.7502553 -0.04500 0.00000 15 -45.000 -52.5231771 94.7979242
1697129268.4242222 -0.04500 0.00000 0 -55.000 -52.5231771 94.7979242
1697129268.4242222 -0.04500 0.00000 0 -55.000 -52.5231771 94.7979242
1697129268.4242222 -0.04500 0.00000 0 -55.000 -52.5231771 94.7979242
1697129268.4242222 -0.04500 0.00000 0 -55.000 -52.5231771 94.7979242
1697129268.4242222 -0.04500 0.00000 0 -55.000 -52.5231771 94.7979242
1697129278.333876 -0.04500 0.00000 0 -65.000 -52.5231771 94.7979242
1697129278.333876 -0.04500 0.00000 0 -65.000 -52.5231771 94.7979242
1697129278.333876 -0.04500 0.00000 0 -65.000 -52.5231771 94.7979242
1697129278.333876 -0.04500 0.00000 0 -65.000 -52.5231771 94.7979242
1697129278.333876 -0.04500 0.00000 0 -65.000 -52.5231771 94.7979242
1697129289.7199845 -0.05000 -0.00000 19 -45.000 -52.5231771 99.92213919999999
1697129289.7199845 -0.05000 -0.00000 12 -45.000 -52.5231771 99.92213919999999
1697129289.7199845 -0.05000 -0.00000 18 -45.000 -52.5231771 99.92213919999999
1697129289.7199845 -0.05000 -0.00000 18 -45.000 -52.5231771 99.92213919999999
1697129289.7199845 -0.05000 -0.00000 17 -45.000 -52.5231771 99.92213919999999
1697129300.402438 -0.05000 -0.00000 2 -55.000 -52.5231771 99.92213919999999
1697129300.402438 -0.05000 -0.00000 2 -55.000 -52.5231771 99.92213919999999
1697129300.402438 -0.05000 -0.00000 2 -55.000 -52.5231771 99.92213919999999
1697129300.402438 -0.05000 -0.00000 2 -55.000 -52.5231771 99.92213919999999
1697129300.402438 -0.05000 -0.00000 3 -55.000 -52.5231771 99.92213919999999
1697129310.4169323 -0.05000 -0.00000 0 -65.000 -52.5231771 99.92213919999999
1697129310.4169323 -0.05000 -0.00000 0 -65.000 -52.5231771 99.92213919999999
1697129310.4169323 -0.05000 -0.00000 0 -65.000 -52.5231771 99.92213919999999
1697129310.4169323 -0.05000 -0.00000 0 -65.000 -52.5231771 99.92213919999999
1697129310.4169323 -0.05000 -0.00000 0 -65.000 -52.5231771 99.92213919999999
1697129321.589606 -0.05500 -0.00000 37 -45.000 -52.5231771 94.79792789999999
1697129321.589606 -0.05500 -0.00000 32 -45.000 -52.5231771 94.79792789999999
1697129321.589606 -0.05500 -0.00000 23 -45.000 -52.5231771 94.79792789999999
1697129321.589606 -0.05500 -0.00000 25 -45.000 -52.5231771 94.79792789999999
1697129321.589606 -0.05500 -0.00000 40 -45.000 -52.5231771 94.79792789999999
1697129332.3725264 -0.05500 -0.00000 3 -55.000 -52.5231771 94.79792789999999
1697129332.3725264 -0.05500 -0.00000 4 -55.000 -52.5231771 94.79792789999999
1697129332.3725264 -0.05500 -0.00000 3 -55.000 -52.5231771 94.79792789999999
1697129332.3725264 -0.05500 -0.00000 3 -55.000 -52.5231771 94.79792789999999
1697129332.3725264 -0.05500 -0.00000 6 -55.000 -52.5231771 94.79792789999999
1697129342.3892083 -0.05500 -0.00000 1 -65.000 -52.5231771 94.79792789999999
1697129342.3892083 -0.05500 -0.00000 0 -65.000 -52.5231771 94.79792789999999
1697129342.3892083 -0.05500 -0.00000 0 -65.000 -52.5231771 94.79792789999999
1697129342.3892083 -0.05500 -0.00000 0 -65.000 -52.5231771 94.79792789999999
1697129342.3892083 -0.05500 -0.00000 1 -65.000 -52.5231771 94.79792789999999
1697129353.660516 -0.06000 0.00000 43 -45.000 -47.3989621 99.92213919999999
1697129353.660516 -0.06000 0.00000 75 -45.000 -47.3989621 99.92213919999999
1697129353.660516 -0.06000 0.00000 81 -45.000 -47.3989621 99.92213919999999
1697129353.660516 -0.06000 0.00000 63 -45.000 -47.3989621 99.92213919999999
1697129353.660516 -0.06000 0.00000 53 -45.000 -47.3989621 99.92213919999999
1697129364.3297703 -0.06000 0.00000 4 -55.000 -47.3989621 99.92213919999999
1697129364.3297703 -0.06000 0.00000 6 -55.000 -47.3989621 99.92213919999999
1697129364.3297703 -0.06000 0.00000 9 -55.000 -47.3989621 99.92213919999999
1697129364.3297703 -0.06000 0.00000 7 -55.000 -47.3989621 99.92213919999999
1697129364.3297703 -0.06000 0.00000 9 -55.000 -47.3989621 99.92213919999999
1697129374.345908 -0.06000 0.00000 1 -65.000 -47.3989621 99.92213919999999
1697129374.345908 -0.06000 0.00000 0 -65.000 -47.3989621 99.92213919999999
1697129374.345908 -0.06000 0.00000 1 -65.000 -47.3989621 99.92213919999999
1697129374.345908 -0.06000 0.00000 0 -65.000 -47.3989621 99.92213919999999
1697129374.345908 -0.06000 0.00000 2 -65.000 -47.3989621 99.92213919999999
1697129385.6304777 -0.06500 0.00000 118 -45.000 -52.5231771 94.79792789999999
1697129385.6304777 -0.06500 0.00000 108 -45.000 -52.5231771 94.79792789999999
1697129385.6304777 -0.06500 0.00000 137 -45.000 -52.5231771 94.79792789999999
1697129385.6304777 -0.06500 0.00000 120 -45.000 -52.5231771 94.79792789999999
1697129385.6304777 -0.06500 0.00000 111 -45.000 -52.5231771 94.79792789999999
1697129396.4120543 -0.06500 0.00000 25 -55.000 -52.5231771 94.79792789999999
1697129396.4120543 -0.06500 0.00000 14 -55.000 -52.5231771 94.79792789999999
1697129396.4120543 -0.06500 0.00000 27 -55.000 -52.5231771 94.79792789999999
1697129396.4120543 -0.06500 0.00000 17 -55.000 -52.5231771 94.79792789999999
1697129396.4120543 -0.06500 0.00000 19 -55.000 -52.5231771 94.79792789999999
1697129406.4401433 -0.06500 0.00000 4 -65.000 -52.5231771 94.79792789999999
1697129406.4401433 -0.06500 0.00000 3 -65.000 -52.5231771 94.79792789999999
1697129406.4401433 -0.06500 0.00000 4 -65.000 -52.5231771 94.79792789999999
1697129406.4401433 -0.06500 0.00000 1 -65.000 -52.5231771 94.79792789999999
1697129406.4401433 -0.06500 0.00000 3 -65.000 -52.5231771 94.79792789999999
1697129417.7023787 -0.07000 -0.00000 244 -45.000 -57.6473884 99.92213919999999
1697129417.7023787 -0.07000 -0.00000 225 -45.000 -57.6473884 99.92213919999999
1697129417.7023787 -0.07000 -0.00000 220 -45.000 -57.6473884 99.92213919999999
1697129417.7023787 -0.07000 -0.00000 236 -45.000 -57.6473884 99.92213919999999
1697129417.7023787 -0.07000 -0.00000 237 -45.000 -57.6473884 99.92213919999999
1697129428.3838515 -0.07000 -0.00000 38 -55.000 -57.6473884 99.92213919999999
1697129428.3838515 -0.07000 -0.00000 42 -55.000 -57.6473884 99.92213919999999
1697129428.3838515 -0.07000 -0.00000 46 -55.000 -57.6473884 99.92213919999999
1697129428.3838515 -0.07000 -0.00000 36 -55.000 -57.6473884 99.92213919999999
1697129428.3838515 -0.07000 -0.00000 50 -55.000 -57.6473884 99.92213919999999
1697129438.3874664 -0.07000 -0.00000 5 -65.000 -57.6473884 99.92213919999999
1697129438.3874664 -0.07000 -0.00000 5 -65.000 -57.6473884 99.92213919999999
1697129438.3874664 -0.07000 -0.00000 7 -65.000 -57.6473884 99.92213919999999
1697129438.3874664 -0.07000 -0.00000 9 -65.000 -57.6473884 99.92213919999999
1697129438.3874664 -0.07000 -0.00000 4 -65.000 -57.6473884 99.92213919999999
1697129449.5714517 -0.07500 0.00000 364 -45.000 -47.3989621 94.79792789999999
1697129449.5714517 -0.07500 0.00000 384 -45.000 -47.3989621 94.79792789999999
1697129449.5714517 -0.07500 0.00000 397 -45.000 -47.3989621 94.79792789999999
1697129449.5714517 -0.07500 0.00000 417 -45.000 -47.3989621 94.79792789999999
1697129449.5714517 -0.07500 0.00000 344 -45.000 -47.3989621 94.79792789999999
1697129460.3426123 -0.07500 0.00000 92 -55.000 -47.3989621 94.79792789999999
1697129460.3426123 -0.07500 0.00000 85 -55.000 -47.3989621 94.79792789999999
1697129460.3426123 -0.07500 0.00000 87 -55.000 -47.3989621 94.79792789999999
1697129460.3426123 -0.07500 0.00000 71 -55.000 -47.3989621 94.79792789999999
1697129460.3426123 -0.07500 0.00000 87 -55.000 -47.3989621 94.79792789999999
1697129470.3694818 -0.07500 0.00000 17 -65.000 -47.3989621 94.79792789999999
1697129470.3694818 -0.07500 0.00000 12 -65.000 -47.3989621 94.79792789999999
1697129470.3694818 -0.07500 0.00000 10 -65.000 -47.3989621 94.79792789999999
1697129470.3694818 -0.07500 0.00000 8 -65.000 -47.3989621 94.79792789999999
1697129470.3694818 -0.07500 0.00000 14 -65.000 -47.3989621 94.79792789999999
1697129481.642405 -0.08000 -0.00000 614 -45.000 -57.6473884 94.7979242
1697129481.642405 -0.08000 -0.00000 603 -45.000 -57.6473884 94.7979242
1697129481.642405 -0.08000 -0.00000 628 -45.000 -57.6473884 94.7979242
1697129481.642405 -0.08000 -0.00000 568 -45.000 -57.6473884 94.7979242
1697129481.642405 -0.08000 -0.00000 601 -45.000 -57.6473884 94.7979242
1697129492.413309 -0.08000 -0.00000 148 -55.000 -57.6473884 94.7979242
1697129492.413309 -0.08000 -0.00000 161 -55.000 -57.6473884 94.7979242
1697129492.413309 -0.08000 -0.00000 162 -55.000 -57.6473884 94.7979242
1697129492.413309 -0.08000 -0.00000 135 -55.000 -57.6473884 94.7979242
1697129492.413309 -0.08000 -0.00000 150 -55.000 -57.6473884 94.7979242
1697129502.3286486 -0.08000 -0.00000 23 -65.000 -57.6473884 94.7979242
1697129502.3286486 -0.08000 -0.00000 21 -65.000 -57.6473884 94.7979242
1697129502.3286486 -0.08000 -0.00000 13 -65.000 -57.6473884 94.7979242
1697129502.3286486 -0.08000 -0.00000 25 -65.000 -57.6473884 94.7979242
1697129502.3286486 -0.08000 -0.00000 23 -65.000 -57.6473884 94.7979242
1697129513.6141555 -0.08500 -0.00000 879 -45.000 -47.3989621 99.92213919999999
1697129513.6141555 -0.08500 -0.00000 872 -45.000 -47.3989621 99.92213919999999
1697129513.6141555 -0.08500 -0.00000 911 -45.000 -47.3989621 99.92213919999999
1697129513.6141555 -0.08500 -0.00000 975 -45.000 -47.3989621 99.92213919999999
1697129513.6141555 -0.08500 -0.00000 932 -45.000 -47.3989621 99.92213919999999
1697129524.4098527 -0.08500 -0.00000 272 -55.000 -47.3989621 99.92213919999999
1697129524.4098527 -0.08500 -0.00000 260 -55.000 -47.3989621 99.92213919999999
1697129524.4098527 -0.08500 -0.00000 273 -55.000 -47.3989621 99.92213919999999
1697129524.4098527 -0.08500 -0.00000 258 -55.000 -47.3989621 99.92213919999999
1697129524.4098527 -0.08500 -0.00000 242 -55.000 -47.3989621 99.92213919999999
1697129534.4106133 -0.08500 -0.00000 44 -65.000 -47.3989621 99.92213919999999
1697129534.4106133 -0.08500 -0.00000 44 -65.000 -47.3989621 99.92213919999999
1697129534.4106133 -0.08500 -0.00000 32 -65.000 -47.3989621 99.92213919999999
1697129534.4106133 -0.08500 -0.00000 47 -65.000 -47.3989621 99.92213919999999
1697129534.4106133 -0.08500 -0.00000 49 -65.000 -47.3989621 99.92213919999999
1697129545.6955829 -0.09000 0.00001 1315 -45.000 -52.5231771 99.92213919999999
1697129545.6955829 -0.09000 0.00001 1296 -45.000 -52.5231771 99.92213919999999
1697129545.6955829 -0.09000 0.00001 1233 -45.000 -52.5231771 99.92213919999999
1697129545.6955829 -0.09000 0.00001 1329 -45.000 -52.5231771 99.92213919999999
1697129545.6955829 -0.09000 0.00001 1298 -45.000 -52.5231771 99.92213919999999
1697129556.3670108 -0.09000 0.00001 447 -55.000 -52.5231771 99.92213919999999
1697129556.3670108 -0.09000 0.00001 418 -55.000 -52.5231771 99.92213919999999
1697129556.3670108 -0.09000 0.00001 417 -55.000 -52.5231771 99.92213919999999
1697129556.3670108 -0.09000 0.00001 415 -55.000 -52.5231771 99.92213919999999
1697129556.3670108 -0.09000 0.00001 441 -55.000 -52.5231771 99.92213919999999
1697129566.284361 -0.09000 0.00001 79 -65.000 -52.5231771 99.92213919999999
1697129566.284361 -0.09000 0.00001 86 -65.000 -52.5231771 99.92213919999999
1697129566.284361 -0.09000 0.00001 79 -65.000 -52.5231771 99.92213919999999
1697129566.284361 -0.09000 0.00001 90 -65.000 -52.5231771 99.92213919999999
1697129566.284361 -0.09000 0.00001 89 -65.000 -52.5231771 99.92213919999999
1697129577.655611 -0.09500 0.00000 1800 -45.000 -52.5231771 94.7979242
1697129577.655611 -0.09500 0.00000 1774 -45.000 -52.5231771 94.7979242
1697129577.655611 -0.09500 0.00000 1820 -45.000 -52.5231771 94.7979242
1697129577.655611 -0.09500 0.00000 1774 -45.000 -52.5231771 94.7979242
1697129577.655611 -0.09500 0.00000 1911 -45.000 -52.5231771 94.7979242
1697129588.4392018 -0.09500 0.00000 661 -55.000 -52.5231771 94.7979242
1697129588.4392018 -0.09500 0.00000 626 -55.000 -52.5231771 94.7979242
1697129588.4392018 -0.09500 0.00000 721 -55.000 -52.5231771 94.7979242
1697129588.4392018 -0.09500 0.00000 626 -55.000 -52.5231771 94.7979242
1697129588.4392018 -0.09500 0.00000 613 -55.000 -52.5231771 94.7979242
1697129598.3420649 -0.09500 0.00000 125 -65.000 -52.5231771 94.7979242
1697129598.3420649 -0.09500 0.00000 129 -65.000 -52.5231771 94.7979242
1697129598.3420649 -0.09500 0.00000 138 -65.000 -52.5231771 94.7979242
1697129598.3420649 -0.09500 0.00000 156 -65.000 -52.5231771 94.7979242
1697129598.3420649 -0.09500 0.00000 158 -65.000 -52.5231771 94.7979242
1697129609.7274413 -0.10000 0.00000 2338 -45.000 -57.6473884 99.92213919999999
1697129609.7274413 -0.10000 0.00000 2393 -45.000 -57.6473884 99.92213919999999
1697129609.7274413 -0.10000 0.00000 2324 -45.000 -57.6473884 99.92213919999999
1697129609.7274413 -0.10000 0.00000 2319 -45.000 -57.6473884 99.92213919999999
1697129609.7274413 -0.10000 0.00000 2399 -45.000 -57.6473884 99.92213919999999
1697129620.40925 -0.10000 0.00000 965 -55.000 -57.6473884 99.92213919999999
1697129620.40925 -0.10000 0.00000 987 -55.000 -57.6473884 99.92213919999999
1697129620.40925 -0.10000 0.00000 923 -55.000 -57.6473884 99.92213919999999
1697129620.40925 -0.10000 0.00000 933 -55.000 -57.6473884 99.92213919999999
1697129620.40925 -0.10000 0.00000 964 -55.000 -57.6473884 99.92213919999999
1697129630.413353 -0.10000 0.00000 248 -65.000 -57.6473884 99.92213919999999
1697129630.413353 -0.10000 0.00000 236 -65.000 -57.6473884 99.92213919999999
1697129630.413353 -0.10000 0.00000 223 -65.000 -57.6473884 99.92213919999999
1697129630.413353 -0.10000 0.00000 211 -65.000 -57.6473884 99.92213919999999
1697129630.413353 -0.10000 0.00000 202 -65.000 -57.6473884 99.92213919999999
1697129641.698026 -0.10500 0.00000 2876 -45.000 -47.3989621 94.7979242
1697129641.698026 -0.10500 0.00000 2876 -45.000 -47.3989621 94.7979242
1697129641.698026 -0.10500 0.00000 2859 -45.000 -47.3989621 94.7979242
1697129641.698026 -0.10500 0.00000 2875 -45.000 -47.3989621 94.7979242
1697129641.698026 -0.10500 0.00000 2872 -45.000 -47.3989621 94.7979242
1697129652.3675253 -0.10500 0.00000 1330 -55.000 -47.3989621 94.7979242
1697129652.3675253 -0.10500 0.00000 1355 -55.000 -47.3989621 94.7979242
1697129652.3675253 -0.10500 0.00000 1279 -55.000 -47.3989621 94.7979242
1697129652.3675253 -0.10500 0.00000 1363 -55.000 -47.3989621 94.7979242
1697129652.3675253 -0.10500 0.00000 1306 -55.000 -47.3989621 94.7979242
1697129662.4077404 -0.10500 0.00000 389 -65.000 -47.3989621 94.7979242
1697129662.4077404 -0.10500 0.00000 353 -65.000 -47.3989621 94.7979242
1697129662.4077404 -0.10500 0.00000 351 -65.000 -47.3989621 94.7979242
1697129662.4077404 -0.10500 0.00000 343 -65.000 -47.3989621 94.7979242
1697129662.4077404 -0.10500 0.00000 376 -65.000 -47.3989621 94.7979242
1697129673.5677302 -0.11000 -0.00000 3430 -45.000 -47.3989621 94.7979242
1697129673.5677302 -0.11000 -0.00000 3542 -45.000 -47.3989621 94.7979242
1697129673.5677302 -0.11000 -0.00000 3443 -45.000 -47.3989621 94.7979242
1697129673.5677302 -0.11000 -0.00000 3541 -45.000 -47.3989621 94.7979242
1697129673.5677302 -0.11000 -0.00000 3353 -45.000 -47.3989621 94.7979242
1697129684.3382463 -0.11000 -0.00000 1805 -55.000 -47.3989621 94.7979242
1697129684.3382463 -0.11000 -0.00000 1811 -55.000 -47.3989621 94.7979242
1697129684.3382463 -0.11000 -0.00000 1795 -55.000 -47.3989621 94.7979242
1697129684.3382463 -0.11000 -0.00000 1821 -55.000 -47.3989621 94.7979242
1697129684.3382463 -0.11000 -0.00000 1727 -55.000 -47.3989621 94.7979242
1697129694.3538816 -0.11000 -0.00000 538 -65.000 -47.3989621 94.7979242
1697129694.3538816 -0.11000 -0.00000 607 -65.000 -47.3989621 94.7979242
1697129694.3538816 -0.11000 -0.00000 574 -65.000 -47.3989621 94.7979242
1697129694.3538816 -0.11000 -0.00000 558 -65.000 -47.3989621 94.7979242
1697129694.3538816 -0.11000 -0.00000 518 -65.000 -47.3989621 94.7979242
1697129705.7402318 -0.11500 -0.00000 3953 -45.000 -47.3989621 94.79792789999999
1697129705.7402318 -0.11500 -0.00000 4052 -45.000 -47.3989621 94.79792789999999
1697129705.7402318 -0.11500 -0.00000 4003 -45.000 -47.3989621 94.79792789999999
1697129705.7402318 -0.11500 -0.00000 3944 -45.000 -47.3989621 94.79792789999999
1697129705.7402318 -0.11500 -0.00000 3961 -45.000 -47.3989621 94.79792789999999
1697129716.4212399 -0.11500 -0.00000 2230 -55.000 -47.3989621 94.79792789999999
1697129716.4212399 -0.11500 -0.00000 2299 -55.000 -47.3989621 94.79792789999999
1697129716.4212399 -0.11500 -0.00000 2330 -55.000 -47.3989621 94.79792789999999
1697129716.4212399 -0.11500 -0.00000 2331 -55.000 -47.3989621 94.79792789999999
1697129716.4212399 -0.11500 -0.00000 2335 -55.000 -47.3989621 94.79792789999999
1697129726.325435 -0.11500 -0.00000 866 -65.000 -47.3989621 94.79792789999999
1697129726.325435 -0.11500 -0.00000 871 -65.000 -47.3989621 94.79792789999999
1697129726.325435 -0.11500 -0.00000 834 -65.000 -47.3989621 94.79792789999999
1697129726.325435 -0.11500 -0.00000 851 -65.000 -47.3989621 94.79792789999999
1697129726.325435 -0.11500 -0.00000 800 -65.000 -47.3989621 94.79792789999999
1697129737.6098356 -0.12000 -0.00000 4533 -45.000 -47.3989621 105.046354
1697129737.6098356 -0.12000 -0.00000 4537 -45.000 -47.3989621 105.046354
1697129737.6098356 -0.12000 -0.00000 4563 -45.000 -47.3989621 105.046354
1697129737.6098356 -0.12000 -0.00000 4589 -45.000 -47.3989621 105.046354
1697129737.6098356 -0.12000 -0.00000 4462 -45.000 -47.3989621 105.046354
1697129748.3936546 -0.12000 -0.00000 2836 -55.000 -47.3989621 105.046354
1697129748.3936546 -0.12000 -0.00000 2879 -55.000 -47.3989621 105.046354
1697129748.3936546 -0.12000 -0.00000 2861 -55.000 -47.3989621 105.046354
1697129748.3936546 -0.12000 -0.00000 2814 -55.000 -47.3989621 105.046354
1697129748.3936546 -0.12000 -0.00000 2846 -55.000 -47.3989621 105.046354
1697129758.408728 -0.12000 -0.00000 1126 -65.000 -47.3989621 105.046354
1697129758.408728 -0.12000 -0.00000 1156 -65.000 -47.3989621 105.046354
1697129758.408728 -0.12000 -0.00000 1169 -65.000 -47.3989621 105.046354
1697129758.408728 -0.12000 -0.00000 1148 -65.000 -47.3989621 105.046354
1697129758.408728 -0.12000 -0.00000 1135 -65.000 -47.3989621 105.046354
1697129769.5853422 -0.12500 -0.00000 4859 -45.000 -52.5231771 94.79792789999999
1697129769.5853422 -0.12500 -0.00000 4920 -45.000 -52.5231771 94.79792789999999
1697129769.5853422 -0.12500 -0.00000 4835 -45.000 -52.5231771 94.79792789999999
1697129769.5853422 -0.12500 -0.00000 4857 -45.000 -52.5231771 94.79792789999999
1697129769.5853422 -0.12500 -0.00000 4976 -45.000 -52.5231771 94.79792789999999
1697129780.3634791 -0.12500 -0.00000 3375 -55.000 -52.5231771 94.79792789999999
1697129780.3634791 -0.12500 -0.00000 3399 -55.000 -52.5231771 94.79792789999999
1697129780.3634791 -0.12500 -0.00000 3479 -55.000 -52.5231771 94.79792789999999
1697129780.3634791 -0.12500 -0.00000 3401 -55.000 -52.5231771 94.79792789999999
1697129780.3634791 -0.12500 -0.00000 3433 -55.000 -52.5231771 94.79792789999999
1697129790.378665 -0.12500 -0.00000 1542 -65.000 -52.5231771 94.79792789999999
1697129790.378665 -0.12500 -0.00000 1557 -65.000 -52.5231771 94.79792789999999
1697129790.378665 -0.12500 -0.00000 1522 -65.000 -52.5231771 94.79792789999999
1697129790.378665 -0.12500 -0.00000 1531 -65.000 -52.5231771 94.79792789999999
1697129790.378665 -0.12500 -0.00000 1536 -65.000 -52.5231771 94.79792789999999
1697129801.551118 -0.13000 -0.00000 5274 -45.000 -47.3989621 94.79792789999999
1697129801.551118 -0.13000 -0.00000 5295 -45.000 -47.3989621 94.79792789999999
1697129801.551118 -0.13000 -0.00000 5269 -45.000 -47.3989621 94.79792789999999
1697129801.551118 -0.13000 -0.00000 5194 -45.000 -47.3989621 94.79792789999999
1697129801.551118 -0.13000 -0.00000 5363 -45.000 -47.3989621 94.79792789999999
1697129812.4225805 -0.13000 -0.00000 3916 -55.000 -47.3989621 94.79792789999999
1697129812.4225805 -0.13000 -0.00000 3945 -55.000 -47.3989621 94.79792789999999
1697129812.4225805 -0.13000 -0.00000 3988 -55.000 -47.3989621 94.79792789999999
1697129812.4225805 -0.13000 -0.00000 3945 -55.000 -47.3989621 94.79792789999999
1697129812.4225805 -0.13000 -0.00000 3993 -55.000 -47.3989621 94.79792789999999
1697129822.3387704 -0.13000 -0.00000 2084 -65.000 -47.3989621 94.79792789999999
1697129822.3387704 -0.13000 -0.00000 2154 -65.000 -47.3989621 94.79792789999999
1697129822.3387704 -0.13000 -0.00000 2019 -65.000 -47.3989621 94.79792789999999
1697129822.3387704 -0.13000 -0.00000 1906 -65.000 -47.3989621 94.79792789999999
1697129822.3387704 -0.13000 -0.00000 2079 -65.000 -47.3989621 94.79792789999999
1697129833.6225505 -0.13500 0.00000 5570 -45.000 -47.3989621 89.6737128
1697129833.6225505 -0.13500 0.00000 5683 -45.000 -47.3989621 89.6737128
1697129833.6225505 -0.13500 0.00000 5766 -45.000 -47.3989621 89.6737128
1697129833.6225505 -0.13500 0.00000 5624 -45.000 -47.3989621 89.6737128
1697129833.6225505 -0.13500 0.00000 5665 -45.000 -47.3989621 89.6737128
1697129844.4112022 -0.13500 0.00000 4540 -55.000 -47.3989621 89.6737128
1697129844.4112022 -0.13500 0.00000 4478 -55.000 -47.3989621 89.6737128
1697129844.4112022 -0.13500 0.00000 4432 -55.000 -47.3989621 89.6737128
1697129844.4112022 -0.13500 0.00000 4470 -55.000 -47.3989621 89.6737128
1697129844.4112022 -0.13500 0.00000 4545 -55.000 -47.3989621 89.6737128
1697129854.4207673 -0.13500 0.00000 2649 -65.000 -47.3989621 89.6737128
1697129854.4207673 -0.13500 0.00000 2652 -65.000 -47.3989621 89.6737128
1697129854.4207673 -0.13500 0.00000 2570 -65.000 -47.3989621 89.6737128
1697129854.4207673 -0.13500 0.00000 2572 -65.000 -47.3989621 89.6737128
1697129854.4207673 -0.13500 0.00000 2562 -65.000 -47.3989621 89.6737128
1697129865.695581 -0.14000 0.00000 5799 -45.000 -47.3989621 94.79792789999999
1697129865.695581 -0.14000 0.00000 5998 -45.000 -47.3989621 94.79792789999999
1697129865.695581 -0.14000 0.00000 5963 -45.000 -47.3989621 94.79792789999999
1697129865.695581 -0.14000 0.00000 5956 -45.000 -47.3989621 94.79792789999999
1697129865.695581 -0.14000 0.00000 5914 -45.000 -47.3989621 94.79792789999999
1697129876.3631117 -0.14000 0.00000 4910 -55.000 -47.3989621 94.79792789999999
1697129876.3631117 -0.14000 0.00000 4998 -55.000 -47.3989621 94.79792789999999
1697129876.3631117 -0.14000 0.00000 5115 -55.000 -47.3989621 94.79792789999999
1697129876.3631117 -0.14000 0.00000 4952 -55.000 -47.3989621 94.79792789999999
1697129876.3631117 -0.14000 0.00000 5010 -55.000 -47.3989621 94.79792789999999
1697129886.393245 -0.14000 0.00000 3145 -65.000 -47.3989621 94.79792789999999
1697129886.393245 -0.14000 0.00000 3242 -65.000 -47.3989621 94.79792789999999
1697129886.393245 -0.14000 0.00000 3110 -65.000 -47.3989621 94.79792789999999
1697129886.393245 -0.14000 0.00000 3119 -65.000 -47.3989621 94.79792789999999
1697129886.393245 -0.14000 0.00000 3179 -65.000 -47.3989621 94.79792789999999
1697129897.664839 -0.14500 0.00000 6143 -45.000 -52.5231771 94.7979242
1697129897.664839 -0.14500 0.00000 6068 -45.000 -52.5231771 94.7979242
1697129897.664839 -0.14500 0.00000 6180 -45.000 -52.5231771 94.7979242
1697129897.664839 -0.14500 0.00000 5983 -45.000 -52.5231771 94.7979242
1697129897.664839 -0.14500 0.00000 6156 -45.000 -52.5231771 94.7979242
1697129908.3342283 -0.14500 0.00000 5464 -55.000 -52.5231771 94.7979242
1697129908.3342283 -0.14500 0.00000 5347 -55.000 -52.5231771 94.7979242
1697129908.3342283 -0.14500 0.00000 5385 -55.000 -52.5231771 94.7979242
1697129908.3342283 -0.14500 0.00000 5357 -55.000 -52.5231771 94.7979242
1697129908.3342283 -0.14500 0.00000 5272 -55.000 -52.5231771 94.7979242
1697129918.3504272 -0.14500 0.00000 3783 -65.000 -52.5231771 94.7979242
1697129918.3504272 -0.14500 0.00000 3701 -65.000 -52.5231771 94.7979242
1697129918.3504272 -0.14500 0.00000 3854 -65.000 -52.5231771 94.7979242
1697129918.3504272 -0.14500 0.00000 3704 -65.000 -52.5231771 94.7979242
1697129918.3504272 -0.14500 0.00000 3853 -65.000 -52.5231771 94.7979242
1697129929.6354177 -0.15000 0.00000 6181 -45.000 -47.3989621 94.7979242
1697129929.6354177 -0.15000 0.00000 6254 -45.000 -47.3989621 94.7979242
1697129929.6354177 -0.15000 0.00000 6170 -45.000 -47.3989621 94.7979242
1697129929.6354177 -0.15000 0.00000 6297 -45.000 -47.3989621 94.7979242
1697129929.6354177 -0.15000 0.00000 6332 -45.000 -47.3989621 94.7979242
1697129940.4173565 -0.15000 0.00000 5686 -55.000 -47.3989621 94.7979242
1697129940.4173565 -0.15000 0.00000 5552 -55.000 -47.3989621 94.7979242
1697129940.4173565 -0.15000 0.00000 5645 -55.000 -47.3989621 94.7979242
1697129940.4173565 -0.15000 0.00000 5748 -55.000 -47.3989621 94.7979242
1697129940.4173565 -0.15000 0.00000 5750 -55.000 -47.3989621 94.7979242
1697129950.435168 -0.15000 0.00000 4259 -65.000 -47.3989621 94.7979242
1697129950.435168 -0.15000 0.00000 4259 -65.000 -47.3989621 94.7979242
1697129950.435168 -0.15000 0.00000 4310 -65.000 -47.3989621 94.7979242
1697129950.435168 -0.15000 0.00000 4321 -65.000 -47.3989621 94.7979242
1697129950.435168 -0.15000 0.00000 4164 -65.000 -47.3989621 94.7979242
1697129961.7065744 -0.15500 -0.00000 6441 -45.000 -52.5231771 94.7979242
1697129961.7065744 -0.15500 -0.00000 6562 -45.000 -52.5231771 94.7979242
1697129961.7065744 -0.15500 -0.00000 6461 -45.000 -52.5231771 94.7979242
1697129961.7065744 -0.15500 -0.00000 6428 -45.000 -52.5231771 94.7979242
1697129961.7065744 -0.15500 -0.00000 6477 -45.000 -52.5231771 94.7979242
1697129972.388605 -0.15500 -0.00000 6056 -55.000 -52.5231771 94.7979242
1697129972.388605 -0.15500 -0.00000 6005 -55.000 -52.5231771 94.7979242
1697129972.388605 -0.15500 -0.00000 5902 -55.000 -52.5231771 94.7979242
1697129972.388605 -0.15500 -0.00000 5994 -55.000 -52.5231771 94.7979242
1697129972.388605 -0.15500 -0.00000 6165 -55.000 -52.5231771 94.7979242
1697129982.3958335 -0.15500 -0.00000 4792 -65.000 -52.5231771 94.7979242
1697129982.3958335 -0.15500 -0.00000 4820 -65.000 -52.5231771 94.7979242
1697129982.3958335 -0.15500 -0.00000 4864 -65.000 -52.5231771 94.7979242
1697129982.3958335 -0.15500 -0.00000 4776 -65.000 -52.5231771 94.7979242
1697129982.3958335 -0.15500 -0.00000 4888 -65.000 -52.5231771 94.7979242
1697129993.6780431 -0.16000 -0.00000 6500 -45.000 -57.6473884 94.7979242
1697129993.6780431 -0.16000 -0.00000 6531 -45.000 -57.6473884 94.7979242
1697129993.6780431 -0.16000 -0.00000 6508 -45.000 -57.6473884 94.7979242
1697129993.6780431 -0.16000 -0.00000 6646 -45.000 -57.6473884 94.7979242
1697129993.6780431 -0.16000 -0.00000 6466 -45.000 -57.6473884 94.7979242
1697130004.3476593 -0.16000 -0.00000 6263 -55.000 -57.6473884 94.7979242
1697130004.3476593 -0.16000 -0.00000 6180 -55.000 -57.6473884 94.7979242
1697130004.3476593 -0.16000 -0.00000 6398 -55.000 -57.6473884 94.7979242
1697130004.3476593 -0.16000 -0.00000 6309 -55.000 -57.6473884 94.7979242
1697130004.3476593 -0.16000 -0.00000 6303 -55.000 -57.6473884 94.7979242
1697130014.363456 -0.16000 -0.00000 5239 -65.000 -57.6473884 94.7979242
1697130014.363456 -0.16000 -0.00000 5323 -65.000 -57.6473884 94.7979242
1697130014.363456 -0.16000 -0.00000 5239 -65.000 -57.6473884 94.7979242
1697130014.363456 -0.16000 -0.00000 5277 -65.000 -57.6473884 94.7979242
1697130014.363456 -0.16000 -0.00000 5261 -65.000 -57.6473884 94.7979242
1697130025.6488192 -0.16500 0.00000 6655 -45.000 -52.5231771 94.7979242
1697130025.6488192 -0.16500 0.00000 6498 -45.000 -52.5231771 94.7979242
1697130025.6488192 -0.16500 0.00000 6636 -45.000 -52.5231771 94.7979242
1697130025.6488192 -0.16500 0.00000 6754 -45.000 -52.5231771 94.7979242
1697130025.6488192 -0.16500 0.00000 6793 -45.000 -52.5231771 94.7979242
1697130036.4302216 -0.16500 0.00000 6374 -55.000 -52.5231771 94.7979242
1697130036.4302216 -0.16500 0.00000 6301 -55.000 -52.5231771 94.7979242
1697130036.4302216 -0.16500 0.00000 6554 -55.000 -52.5231771 94.7979242
1697130036.4302216 -0.16500 0.00000 6507 -55.000 -52.5231771 94.7979242
1697130036.4302216 -0.16500 0.00000 6427 -55.000 -52.5231771 94.7979242
1697130046.3350024 -0.16500 0.00000 5701 -65.000 -52.5231771 94.7979242
1697130046.3350024 -0.16500 0.00000 5643 -65.000 -52.5231771 94.7979242
1697130046.3350024 -0.16500 0.00000 5729 -65.000 -52.5231771 94.7979242
1697130046.3350024 -0.16500 0.00000 5855 -65.000 -52.5231771 94.7979242
1697130046.3350024 -0.16500 0.00000 5629 -65.000 -52.5231771 94.7979242
1697130057.7196746 -0.17000 -0.00000 6727 -45.000 -57.6473884 99.92213919999999
1697130057.7196746 -0.17000 -0.00000 6856 -45.000 -57.6473884 99.92213919999999
1697130057.7196746 -0.17000 -0.00000 6720 -45.000 -57.6473884 99.92213919999999
1697130057.7196746 -0.17000 -0.00000 6787 -45.000 -57.6473884 99.92213919999999
1697130057.7196746 -0.17000 -0.00000 6820 -45.000 -57.6473884 99.92213919999999
1697130068.4019446 -0.17000 -0.00000 6586 -55.000 -57.6473884 99.92213919999999
1697130068.4019446 -0.17000 -0.00000 6719 -55.000 -57.6473884 99.92213919999999
1697130068.4019446 -0.17000 -0.00000 6379 -55.000 -57.6473884 99.92213919999999
1697130068.4019446 -0.17000 -0.00000 6793 -55.000 -57.6473884 99.92213919999999
1697130068.4019446 -0.17000 -0.00000 6628 -55.000 -57.6473884 99.92213919999999
1697130078.4056914 -0.17000 -0.00000 5988 -65.000 -57.6473884 99.92213919999999
1697130078.4056914 -0.17000 -0.00000 6033 -65.000 -57.6473884 99.92213919999999
1697130078.4056914 -0.17000 -0.00000 5837 -65.000 -57.6473884 99.92213919999999
1697130078.4056914 -0.17000 -0.00000 6022 -65.000 -57.6473884 99.92213919999999
1697130078.4056914 -0.17000 -0.00000 5937 -65.000 -57.6473884 99.92213919999999
1697130089.6908855 -0.17500 0.00000 6697 -45.000 -78.1442374 94.7979242
1697130089.6908855 -0.17500 0.00000 6898 -45.000 -78.1442374 94.7979242
1697130089.6908855 -0.17500 0.00000 6875 -45.000 -78.1442374 94.7979242
1697130089.6908855 -0.17500 0.00000 6765 -45.000 -78.1442374 94.7979242
1697130089.6908855 -0.17500 0.00000 6876 -45.000 -78.1442374 94.7979242
1697130100.3592062 -0.17500 0.00000 6673 -55.000 -78.1442374 94.7979242
1697130100.3592062 -0.17500 0.00000 6743 -55.000 -78.1442374 94.7979242
1697130100.3592062 -0.17500 0.00000 6562 -55.000 -78.1442374 94.7979242
1697130100.3592062 -0.17500 0.00000 6591 -55.000 -78.1442374 94.7979242
1697130100.3592062 -0.17500 0.00000 6488 -55.000 -78.1442374 94.7979242
1697130110.3992336 -0.17500 0.00000 6434 -65.000 -78.1442374 94.7979242
1697130110.3992336 -0.17500 0.00000 6240 -65.000 -78.1442374 94.7979242
1697130110.3992336 -0.17500 0.00000 6460 -65.000 -78.1442374 94.7979242
1697130110.3992336 -0.17500 0.00000 6416 -65.000 -78.1442374 94.7979242
1697130110.3992336 -0.17500 0.00000 6363 -65.000 -78.1442374 94.7979242
1697130121.6603324 -0.18000 -0.00000 6814 -45.000 -47.3989621 105.046354
1697130121.6603324 -0.18000 -0.00000 6930 -45.000 -47.3989621 105.046354
1697130121.6603324 -0.18000 -0.00000 6909 -45.000 -47.3989621 105.046354
1697130121.6603324 -0.18000 -0.00000 6970 -45.000 -47.3989621 105.046354
1697130121.6603324 -0.18000 -0.00000 6874 -45.000 -47.3989621 105.046354
1697130132.3298047 -0.18000 -0.00000 6863 -55.000 -47.3989621 105.046354
1697130132.3298047 -0.18000 -0.00000 6755 -55.000 -47.3989621 105.046354
1697130132.3298047 -0.18000 -0.00000 6885 -55.000 -47.3989621 105.046354
1697130132.3298047 -0.18000 -0.00000 6872 -55.000 -47.3989621 105.046354
1697130132.3298047 -0.18000 -0.00000 6734 -55.000 -47.3989621 105.046354
1697130142.347046 -0.18000 -0.00000 6428 -65.000 -47.3989621 105.046354
1697130142.347046 -0.18000 -0.00000 6498 -65.000 -47.3989621 105.046354
1697130142.347046 -0.18000 -0.00000 6551 -65.000 -47.3989621 105.046354
1697130142.347046 -0.18000 -0.00000 6512 -65.000 -47.3989621 105.046354
1697130142.347046 -0.18000 -0.00000 6500 -65.000 -47.3989621 105.046354
1697130153.6322565 -0.18500 -0.00000 6969 -45.000 -73.0200261 99.92213919999999
1697130153.6322565 -0.18500 -0.00000 6922 -45.000 -73.0200261 99.92213919999999
1697130153.6322565 -0.18500 -0.00000 6873 -45.000 -73.0200261 99.92213919999999
1697130153.6322565 -0.18500 -0.00000 7009 -45.000 -73.0200261 99.92213919999999
1697130153.6322565 -0.18500 -0.00000 7034 -45.000 -73.0200261 99.92213919999999
1697130164.4156954 -0.18500 -0.00000 6753 -55.000 -73.0200261 99.92213919999999
1697130164.4156954 -0.18500 -0.00000 7034 -55.000 -73.0200261 99.92213919999999
1697130164.4156954 -0.18500 -0.00000 6929 -55.000 -73.0200261 99.92213919999999
1697130164.4156954 -0.18500 -0.00000 6864 -55.000 -73.0200261 99.92213919999999
1697130164.4156954 -0.18500 -0.00000 6793 -55.000 -73.0200261 99.92213919999999
1697130174.4321709 -0.18500 -0.00000 6592 -65.000 -73.0200261 99.92213919999999
1697130174.4321709 -0.18500 -0.00000 6707 -65.000 -73.0200261 99.92213919999999
1697130174.4321709 -0.18500 -0.00000 6628 -65.000 -73.0200261 99.92213919999999
1697130174.4321709 -0.18500 -0.00000 6615 -65.000 -73.0200261 99.92213919999999
1697130174.4321709 -0.18500 -0.00000 6484 -65.000 -73.0200261 99.92213919999999
1697130185.603521 -0.19000 -0.00000 6904 -45.000 -52.5231771 94.7979242
1697130185.603521 -0.19000 -0.00000 7152 -45.000 -52.5231771 94.7979242
1697130185.603521 -0.19000 -0.00000 6908 -45.000 -52.5231771 94.7979242
1697130185.603521 -0.19000 -0.00000 7052 -45.000 -52.5231771 94.7979242
1697130185.603521 -0.19000 -0.00000 6980 -45.000 -52.5231771 94.7979242
1697130196.3991487 -0.19000 -0.00000 6843 -55.000 -52.5231771 94.7979242
1697130196.3991487 -0.19000 -0.00000 6897 -55.000 -52.5231771 94.7979242
1697130196.3991487 -0.19000 -0.00000 7004 -55.000 -52.5231771 94.7979242
1697130196.3991487 -0.19000 -0.00000 6884 -55.000 -52.5231771 94.7979242
1697130196.3991487 -0.19000 -0.00000 7006 -55.000 -52.5231771 94.7979242
1697130206.4013927 -0.19000 -0.00000 6906 -65.000 -52.5231771 94.7979242
1697130206.4013927 -0.19000 -0.00000 6796 -65.000 -52.5231771 94.7979242
1697130206.4013927 -0.19000 -0.00000 6773 -65.000 -52.5231771 94.7979242
1697130206.4013927 -0.19000 -0.00000 6809 -65.000 -52.5231771 94.7979242
1697130206.4013927 -0.19000 -0.00000 6756 -65.000 -52.5231771 94.7979242
1697130217.5743914 -0.19500 0.00000 7176 -45.000 -52.5231771 99.92213919999999
1697130217.5743914 -0.19500 0.00000 7118 -45.000 -52.5231771 99.92213919999999
1697130217.5743914 -0.19500 0.00000 7184 -45.000 -52.5231771 99.92213919999999
1697130217.5743914 -0.19500 0.00000 7089 -45.000 -52.5231771 99.92213919999999
1697130217.5743914 -0.19500 0.00000 7259 -45.000 -52.5231771 99.92213919999999
1697130228.3454797 -0.19500 0.00000 6892 -55.000 -52.5231771 99.92213919999999
1697130228.3454797 -0.19500 0.00000 7060 -55.000 -52.5231771 99.92213919999999
1697130228.3454797 -0.19500 0.00000 6936 -55.000 -52.5231771 99.92213919999999
1697130228.3454797 -0.19500 0.00000 7039 -55.000 -52.5231771 99.92213919999999
1697130228.3454797 -0.19500 0.00000 6989 -55.000 -52.5231771 99.92213919999999
1697130238.372193 -0.19500 0.00000 6895 -65.000 -52.5231771 99.92213919999999
1697130238.372193 -0.19500 0.00000 6993 -65.000 -52.5231771 99.92213919999999
1697130238.372193 -0.19500 0.00000 6836 -65.000 -52.5231771 99.92213919999999
1697130238.372193 -0.19500 0.00000 6834 -65.000 -52.5231771 99.92213919999999
1697130238.372193 -0.19500 0.00000 6807 -65.000 -52.5231771 99.92213919999999
1697130249.6461694 -0.20000 -0.00000 7099 -45.000 -57.6473884 94.7979242
1697130249.6461694 -0.20000 -0.00000 7212 -45.000 -57.6473884 94.7979242
1697130249.6461694 -0.20000 -0.00000 7130 -45.000 -57.6473884 94.7979242
1697130249.6461694 -0.20000 -0.00000 7091 -45.000 -57.6473884 94.7979242
1697130249.6461694 -0.20000 -0.00000 7044 -45.000 -57.6473884 94.7979242
1697130260.4181428 -0.20000 -0.00000 7053 -55.000 -57.6473884 94.7979242
1697130260.4181428 -0.20000 -0.00000 7099 -55.000 -57.6473884 94.7979242
1697130260.4181428 -0.20000 -0.00000 6953 -55.000 -57.6473884 94.7979242
1697130260.4181428 -0.20000 -0.00000 7249 -55.000 -57.6473884 94.7979242
1697130260.4181428 -0.20000 -0.00000 7116 -55.000 -57.6473884 94.7979242
1697130270.3330119 -0.20000 -0.00000 6957 -65.000 -57.6473884 94.7979242
1697130270.3330119 -0.20000 -0.00000 6997 -65.000 -57.6473884 94.7979242
1697130270.3330119 -0.20000 -0.00000 7051 -65.000 -57.6473884 94.7979242
1697130270.3330119 -0.20000 -0.00000 6922 -65.000 -57.6473884 94.7979242
1697130270.3330119 -0.20000 -0.00000 6908 -65.000 -57.6473884 94.7979242
1697130281.6172373 -0.20500 0.00000 7388 -45.000 -83.2684487 120.418988
1697130281.6172373 -0.20500 0.00000 7358 -45.000 -83.2684487 120.418988
1697130281.6172373 -0.20500 0.00000 7204 -45.000 -83.2684487 120.418988
1697130281.6172373 -0.20500 0.00000 7259 -45.000 -83.2684487 120.418988
1697130281.6172373 -0.20500 0.00000 7207 -45.000 -83.2684487 120.418988
1697130292.3989093 -0.20500 0.00000 7040 -55.000 -83.2684487 120.418988
1697130292.3989093 -0.20500 0.00000 7212 -55.000 -83.2684487 120.418988
1697130292.3989093 -0.20500 0.00000 7173 -55.000 -83.2684487 120.418988
1697130292.3989093 -0.20500 0.00000 7029 -55.000 -83.2684487 120.418988
1697130292.3989093 -0.20500 0.00000 7074 -55.000 -83.2684487 120.418988
1697130302.4126902 -0.20500 0.00000 7043 -65.000 -83.2684487 120.418988
1697130302.4126902 -0.20500 0.00000 7182 -65.000 -83.2684487 120.418988
1697130302.4126902 -0.20500 0.00000 6981 -65.000 -83.2684487 120.418988
1697130302.4126902 -0.20500 0.00000 7069 -65.000 -83.2684487 120.418988
1697130302.4126902 -0.20500 0.00000 6975 -65.000 -83.2684487 120.418988
1697130313.688637 -0.21000 0.00000 7359 -45.000 -67.8958148 105.046354
1697130313.688637 -0.21000 0.00000 7520 -45.000 -67.8958148 105.046354
1697130313.688637 -0.21000 0.00000 7254 -45.000 -67.8958148 105.046354
1697130313.688637 -0.21000 0.00000 7463 -45.000 -67.8958148 105.046354
1697130313.688637 -0.21000 0.00000 7441 -45.000 -67.8958148 105.046354
1697130324.3697748 -0.21000 0.00000 7192 -55.000 -67.8958148 105.046354
1697130324.3697748 -0.21000 0.00000 7215 -55.000 -67.8958148 105.046354
1697130324.3697748 -0.21000 0.00000 7181 -55.000 -67.8958148 105.046354
1697130324.3697748 -0.21000 0.00000 7236 -55.000 -67.8958148 105.046354
1697130324.3697748 -0.21000 0.00000 7224 -55.000 -67.8958148 105.046354
1697130334.3858771 -0.21000 0.00000 7122 -65.000 -67.8958148 105.046354
1697130334.3858771 -0.21000 0.00000 7064 -65.000 -67.8958148 105.046354
1697130334.3858771 -0.21000 0.00000 7110 -65.000 -67.8958148 105.046354
1697130334.3858771 -0.21000 0.00000 7076 -65.000 -67.8958148 105.046354
1697130334.3858771 -0.21000 0.00000 7165 -65.000 -67.8958148 105.046354
1697130345.7590687 -0.21500 0.00000 7574 -45.000 -144.758999 130.66741100000002
1697130345.7590687 -0.21500 0.00000 7323 -45.000 -144.758999 130.66741100000002
1697130345.7590687 -0.21500 0.00000 7508 -45.000 -144.758999 130.66741100000002
1697130345.7590687 -0.21500 0.00000 7490 -45.000 -144.758999 130.66741100000002
1697130345.7590687 -0.21500 0.00000 7296 -45.000 -144.758999 130.66741100000002
1697130356.3293264 -0.21500 0.00000 7198 -55.000 -144.758999 130.66741100000002
1697130356.3293264 -0.21500 0.00000 7104 -55.000 -144.758999 130.66741100000002
1697130356.3293264 -0.21500 0.00000 7241 -55.000 -144.758999 130.66741100000002
1697130356.3293264 -0.21500 0.00000 7267 -55.000 -144.758999 130.66741100000002
1697130356.3293264 -0.21500 0.00000 7212 -55.000 -144.758999 130.66741100000002
1697130366.3450384 -0.21500 0.00000 7185 -65.000 -144.758999 130.66741100000002
1697130366.3450384 -0.21500 0.00000 7097 -65.000 -144.758999 130.66741100000002
1697130366.3450384 -0.21500 0.00000 7186 -65.000 -144.758999 130.66741100000002
1697130366.3450384 -0.21500 0.00000 7101 -65.000 -144.758999 130.66741100000002
1697130366.3450384 -0.21500 0.00000 7024 -65.000 -144.758999 130.66741100000002
1697130377.6298206 -0.22000 -0.00000 7454 -45.000 -88.39265999999999 105.046351
1697130377.6298206 -0.22000 -0.00000 7300 -45.000 -88.39265999999999 105.046351
1697130377.6298206 -0.22000 -0.00000 7608 -45.000 -88.39265999999999 105.046351
1697130377.6298206 -0.22000 -0.00000 7428 -45.000 -88.39265999999999 105.046351
1697130377.6298206 -0.22000 -0.00000 7427 -45.000 -88.39265999999999 105.046351
1697130388.4132278 -0.22000 -0.00000 7270 -55.000 -88.39265999999999 105.046351
1697130388.4132278 -0.22000 -0.00000 7210 -55.000 -88.39265999999999 105.046351
1697130388.4132278 -0.22000 -0.00000 7084 -55.000 -88.39265999999999 105.046351
1697130388.4132278 -0.22000 -0.00000 7077 -55.000 -88.39265999999999 105.046351
1697130388.4132278 -0.22000 -0.00000 7084 -55.000 -88.39265999999999 105.046351
1697130398.4423213 -0.22000 -0.00000 7159 -65.000 -88.39265999999999 105.046351
1697130398.4423213 -0.22000 -0.00000 7199 -65.000 -88.39265999999999 105.046351
1697130398.4423213 -0.22000 -0.00000 7204 -65.000 -88.39265999999999 105.046351
1697130398.4423213 -0.22000 -0.00000 7075 -65.000 -88.39265999999999 105.046351
1697130398.4423213 -0.22000 -0.00000 7033 -65.000 -88.39265999999999 105.046351
1697130409.7019696 -0.22500 0.00000 7587 -45.000 -62.7716035 120.418988
1697130409.7019696 -0.22500 0.00000 7534 -45.000 -62.7716035 120.418988
1697130409.7019696 -0.22500 0.00000 7369 -45.000 -62.7716035 120.418988
1697130409.7019696 -0.22500 0.00000 7593 -45.000 -62.7716035 120.418988
1697130409.7019696 -0.22500 0.00000 7548 -45.000 -62.7716035 120.418988
1697130420.3827257 -0.22500 0.00000 7351 -55.000 -62.7716035 120.418988
1697130420.3827257 -0.22500 0.00000 7308 -55.000 -62.7716035 120.418988
1697130420.3827257 -0.22500 0.00000 7316 -55.000 -62.7716035 120.418988
1697130420.3827257 -0.22500 0.00000 7380 -55.000 -62.7716035 120.418988
1697130420.3827257 -0.22500 0.00000 7119 -55.000 -62.7716035 120.418988
1697130430.3984232 -0.22500 0.00000 7321 -65.000 -62.7716035 120.418988
1697130430.3984232 -0.22500 0.00000 7272 -65.000 -62.7716035 120.418988
1697130430.3984232 -0.22500 0.00000 7324 -65.000 -62.7716035 120.418988
1697130430.3984232 -0.22500 0.00000 7272 -65.000 -62.7716035 120.418988
1697130430.3984232 -0.22500 0.00000 7326 -65.000 -62.7716035 120.418988
1697130441.6712496 -0.23000 0.00000 7706 -45.000 -73.0200261 130.66741100000002
1697130441.6712496 -0.23000 0.00000 7702 -45.000 -73.0200261 130.66741100000002
1697130441.6712496 -0.23000 0.00000 7512 -45.000 -73.0200261 130.66741100000002
1697130441.6712496 -0.23000 0.00000 7653 -45.000 -73.0200261 130.66741100000002
1697130441.6712496 -0.23000 0.00000 7689 -45.000 -73.0200261 130.66741100000002
1697130452.3411586 -0.23000 0.00000 7387 -55.000 -73.0200261 130.66741100000002
1697130452.3411586 -0.23000 0.00000 7335 -55.000 -73.0200261 130.66741100000002
1697130452.3411586 -0.23000 0.00000 7333 -55.000 -73.0200261 130.66741100000002
1697130452.3411586 -0.23000 0.00000 7306 -55.000 -73.0200261 130.66741100000002
1697130452.3411586 -0.23000 0.00000 7422 -55.000 -73.0200261 130.66741100000002
1697130462.3711421 -0.23000 0.00000 7305 -65.000 -73.0200261 130.66741100000002
1697130462.3711421 -0.23000 0.00000 7113 -65.000 -73.0200261 130.66741100000002
1697130462.3711421 -0.23000 0.00000 7370 -65.000 -73.0200261 130.66741100000002
1697130462.3711421 -0.23000 0.00000 7309 -65.000 -73.0200261 130.66741100000002
1697130462.3711421 -0.23000 0.00000 7283 -65.000 -73.0200261 130.66741100000002
1697130473.6412969 -0.23500 0.00000 7659 -45.000 -108.889513 156.288479
1697130473.6412969 -0.23500 0.00000 7808 -45.000 -108.889513 156.288479
1697130473.6412969 -0.23500 0.00000 7749 -45.000 -108.889513 156.288479
1697130473.6412969 -0.23500 0.00000 7730 -45.000 -108.889513 156.288479
1697130473.6412969 -0.23500 0.00000 7795 -45.000 -108.889513 156.288479
1697130484.4247303 -0.23500 0.00000 7299 -55.000 -108.889513 156.288479
1697130484.4247303 -0.23500 0.00000 7224 -55.000 -108.889513 156.288479
1697130484.4247303 -0.23500 0.00000 7090 -55.000 -108.889513 156.288479
1697130484.4247303 -0.23500 0.00000 7297 -55.000 -108.889513 156.288479
1697130484.4247303 -0.23500 0.00000 7420 -55.000 -108.889513 156.288479
1697130494.3272362 -0.23500 0.00000 7505 -65.000 -108.889513 156.288479
1697130494.3272362 -0.23500 0.00000 7154 -65.000 -108.889513 156.288479
1697130494.3272362 -0.23500 0.00000 7229 -65.000 -108.889513 156.288479
1697130494.3272362 -0.23500 0.00000 7310 -65.000 -108.889513 156.288479
1697130494.3272362 -0.23500 0.00000 7250 -65.000 -108.889513 156.288479
1697130505.7136557 -0.24000 0.00000 7720 -45.000 -78.1442374 146.04004500000002
1697130505.7136557 -0.24000 0.00000 7868 -45.000 -78.1442374 146.04004500000002
1697130505.7136557 -0.24000 0.00000 7900 -45.000 -78.1442374 146.04004500000002
1697130505.7136557 -0.24000 0.00000 7751 -45.000 -78.1442374 146.04004500000002
1697130505.7136557 -0.24000 0.00000 7845 -45.000 -78.1442374 146.04004500000002
1697130516.3934758 -0.24000 0.00000 7318 -55.000 -78.1442374 146.04004500000002
1697130516.3934758 -0.24000 0.00000 7469 -55.000 -78.1442374 146.04004500000002
1697130516.3934758 -0.24000 0.00000 7573 -55.000 -78.1442374 146.04004500000002
1697130516.3934758 -0.24000 0.00000 7336 -55.000 -78.1442374 146.04004500000002
1697130516.3934758 -0.24000 0.00000 7189 -55.000 -78.1442374 146.04004500000002
1697130526.4232068 -0.24000 0.00000 7285 -65.000 -78.1442374 146.04004500000002
1697130526.4232068 -0.24000 0.00000 7319 -65.000 -78.1442374 146.04004500000002
1697130526.4232068 -0.24000 0.00000 7372 -65.000 -78.1442374 146.04004500000002
1697130526.4232068 -0.24000 0.00000 7261 -65.000 -78.1442374 146.04004500000002
1697130526.4232068 -0.24000 0.00000 7497 -65.000 -78.1442374 146.04004500000002
1697130537.6836524 -0.24500 0.00000 7894 -45.000 -144.758999 125.54319899999999
1697130537.6836524 -0.24500 0.00000 7889 -45.000 -144.758999 125.54319899999999
1697130537.6836524 -0.24500 0.00000 8010 -45.000 -144.758999 125.54319899999999
1697130537.6836524 -0.24500 0.00000 8004 -45.000 -144.758999 125.54319899999999
1697130537.6836524 -0.24500 0.00000 7961 -45.000 -144.758999 125.54319899999999
1697130548.3530116 -0.24500 0.00000 7468 -55.000 -144.758999 125.54319899999999
1697130548.3530116 -0.24500 0.00000 7458 -55.000 -144.758999 125.54319899999999
1697130548.3530116 -0.24500 0.00000 7309 -55.000 -144.758999 125.54319899999999
1697130548.3530116 -0.24500 0.00000 7533 -55.000 -144.758999 125.54319899999999
1697130548.3530116 -0.24500 0.00000 7439 -55.000 -144.758999 125.54319899999999
1697130558.3928986 -0.24500 0.00000 7299 -65.000 -144.758999 125.54319899999999
1697130558.3928986 -0.24500 0.00000 7290 -65.000 -144.758999 125.54319899999999
1697130558.3928986 -0.24500 0.00000 7383 -65.000 -144.758999 125.54319899999999
1697130558.3928986 -0.24500 0.00000 7455 -65.000 -144.758999 125.54319899999999
1697130558.3928986 -0.24500 0.00000 7382 -65.000 -144.758999 125.54319899999999
1697130569.6532817 -0.25000 0.00000 8022 -45.000 -139.63478800000001 176.785327
1697130569.6532817 -0.25000 0.00000 7976 -45.000 -139.63478800000001 176.785327
1697130569.6532817 -0.25000 0.00000 8228 -45.000 -139.63478800000001 176.785327
1697130569.6532817 -0.25000 0.00000 7969 -45.000 -139.63478800000001 176.785327
1697130569.6532817 -0.25000 0.00000 7998 -45.000 -139.63478800000001 176.785327
1697130580.3222482 -0.25000 0.00000 7600 -55.000 -139.63478800000001 176.785327
1697130580.3222482 -0.25000 0.00000 7475 -55.000 -139.63478800000001 176.785327
1697130580.3222482 -0.25000 0.00000 7364 -55.000 -139.63478800000001 176.785327
1697130580.3222482 -0.25000 0.00000 7500 -55.000 -139.63478800000001 176.785327
1697130580.3222482 -0.25000 0.00000 7477 -55.000 -139.63478800000001 176.785327
1697130590.3387477 -0.25000 0.00000 7244 -65.000 -139.63478800000001 176.785327
1697130590.3387477 -0.25000 0.00000 7304 -65.000 -139.63478800000001 176.785327
1697130590.3387477 -0.25000 0.00000 7308 -65.000 -139.63478800000001 176.785327
1697130590.3387477 -0.25000 0.00000 7357 -65.000 -139.63478800000001 176.785327
1697130590.3387477 -0.25000 0.00000 7318 -65.000 -139.63478800000001 176.785327
1697130601.6223762 -0.25500 0.00000 8112 -45.000 -129.386365 181.909539
1697130601.6223762 -0.25500 0.00000 8286 -45.000 -129.386365 181.909539
1697130601.6223762 -0.25500 0.00000 8230 -45.000 -129.386365 181.909539
1697130601.6223762 -0.25500 0.00000 8265 -45.000 -129.386365 181.909539
1697130601.6223762 -0.25500 0.00000 8282 -45.000 -129.386365 181.909539
1697130612.4198453 -0.25500 0.00000 28468 -55.000 -129.386365 181.909539
1697130612.4198453 -0.25500 0.00000 27561 -55.000 -129.386365 181.909539
1697130612.4198453 -0.25500 0.00000 26988 -55.000 -129.386365 181.909539
1697130612.4198453 -0.25500 0.00000 28270 -55.000 -129.386365 181.909539
1697130612.4198453 -0.25500 0.00000 27955 -55.000 -129.386365 181.909539
1697130622.435346 -0.25500 0.00000 5287 -65.000 -129.386365 181.909539
1697130622.435346 -0.25500 0.00000 4937 -65.000 -129.386365 181.909539
1697130622.435346 -0.25500 0.00000 5106 -65.000 -129.386365 181.909539
1697130622.435346 -0.25500 0.00000 4784 -65.000 -129.386365 181.909539
1697130622.435346 -0.25500 0.00000 4732 -65.000 -129.386365 181.909539
1697130633.5931942 -0.26000 0.00001 90281 -45.000 -98.6410826 146.040048
1697130633.5931942 -0.26000 0.00001 94571 -45.000 -98.6410826 146.040048
1697130633.5931942 -0.26000 0.00001 94925 -45.000 -98.6410826 146.040048
1697130633.5931942 -0.26000 0.00001 93907 -45.000 -98.6410826 146.040048
1697130633.5931942 -0.26000 0.00001 94611 -45.000 -98.6410826 146.040048
1697130644.363427 -0.26000 0.00001 18770 -55.000 -98.6410826 146.040048
1697130644.363427 -0.26000 0.00001 18036 -55.000 -98.6410826 146.040048
1697130644.363427 -0.26000 0.00001 18145 -55.000 -98.6410826 146.040048
1697130644.363427 -0.26000 0.00001 19688 -55.000 -98.6410826 146.040048
1697130644.363427 -0.26000 0.00001 17969 -55.000 -98.6410826 146.040048
1697130654.3937883 -0.26000 0.00001 3112 -65.000 -98.6410826 146.040048
1697130654.3937883 -0.26000 0.00001 2994 -65.000 -98.6410826 146.040048
1697130654.3937883 -0.26000 0.00001 3146 -65.000 -98.6410826 146.040048
1697130654.3937883 -0.26000 0.00001 2777 -65.000 -98.6410826 146.040048
1697130654.3937883 -0.26000 0.00001 2711 -65.000 -98.6410826 146.040048
1697130665.6641312 -0.26500 0.00000 71759 -45.000 -88.39265999999999 140.915833
1697130665.6641312 -0.26500 0.00000 72598 -45.000 -88.39265999999999 140.915833
1697130665.6641312 -0.26500 0.00000 70151 -45.000 -88.39265999999999 140.915833
1697130665.6641312 -0.26500 0.00000 71033 -45.000 -88.39265999999999 140.915833
1697130665.6641312 -0.26500 0.00000 71867 -45.000 -88.39265999999999 140.915833
1697130676.3348873 -0.26500 0.00000 13112 -55.000 -88.39265999999999 140.915833
1697130676.3348873 -0.26500 0.00000 12529 -55.000 -88.39265999999999 140.915833
1697130676.3348873 -0.26500 0.00000 12733 -55.000 -88.39265999999999 140.915833
1697130676.3348873 -0.26500 0.00000 11997 -55.000 -88.39265999999999 140.915833
1697130676.3348873 -0.26500 0.00000 11520 -55.000 -88.39265999999999 140.915833
1697130686.3508246 -0.26500 0.00000 1757 -65.000 -88.39265999999999 140.915833
1697130686.3508246 -0.26500 0.00000 1577 -65.000 -88.39265999999999 140.915833
1697130686.3508246 -0.26500 0.00000 1852 -65.000 -88.39265999999999 140.915833
1697130686.3508246 -0.26500 0.00000 1714 -65.000 -88.39265999999999 140.915833
1697130686.3508246 -0.26500 0.00000 1859 -65.000 -88.39265999999999 140.915833
1697130697.634795 -0.27000 0.00000 57035 -45.000 -83.2684487 140.91583699999998
1697130697.634795 -0.27000 0.00000 56478 -45.000 -83.2684487 140.91583699999998
1697130697.634795 -0.27000 0.00000 56585 -45.000 -83.2684487 140.91583699999998
1697130697.634795 -0.27000 0.00000 59014 -45.000 -83.2684487 140.91583699999998
1697130697.634795 -0.27000 0.00000 55402 -45.000 -83.2684487 140.91583699999998
1697130708.405452 -0.27000 0.00000 8610 -55.000 -83.2684487 140.91583699999998
1697130708.405452 -0.27000 0.00000 9139 -55.000 -83.2684487 140.91583699999998
1697130708.405452 -0.27000 0.00000 8624 -55.000 -83.2684487 140.91583699999998
1697130708.405452 -0.27000 0.00000 8307 -55.000 -83.2684487 140.91583699999998
1697130708.405452 -0.27000 0.00000 8709 -55.000 -83.2684487 140.91583699999998
1697130718.3208442 -0.27000 0.00000 1021 -65.000 -83.2684487 140.91583699999998
1697130718.3208442 -0.27000 0.00000 1113 -65.000 -83.2684487 140.91583699999998
1697130718.3208442 -0.27000 0.00000 969 -65.000 -83.2684487 140.91583699999998
1697130718.3208442 -0.27000 0.00000 1193 -65.000 -83.2684487 140.91583699999998
1697130718.3208442 -0.27000 0.00000 1036 -65.000 -83.2684487 140.91583699999998
1697130729.605676 -0.27500 0.00000 39942 -45.000 -88.39265999999999 140.91583699999998
1697130729.605676 -0.27500 0.00000 40502 -45.000 -88.39265999999999 140.91583699999998
1697130729.605676 -0.27500 0.00000 41094 -45.000 -88.39265999999999 140.91583699999998
1697130729.605676 -0.27500 0.00000 38118 -45.000 -88.39265999999999 140.91583699999998
1697130729.605676 -0.27500 0.00000 42215 -45.000 -88.39265999999999 140.91583699999998
1697130740.3872845 -0.27500 0.00000 4718 -55.000 -88.39265999999999 140.91583699999998
1697130740.3872845 -0.27500 0.00000 6111 -55.000 -88.39265999999999 140.91583699999998
1697130740.3872845 -0.27500 0.00000 5714 -55.000 -88.39265999999999 140.91583699999998
1697130740.3872845 -0.27500 0.00000 5784 -55.000 -88.39265999999999 140.91583699999998
1697130740.3872845 -0.27500 0.00000 5459 -55.000 -88.39265999999999 140.91583699999998
1697130750.3947144 -0.27500 0.00000 655 -65.000 -88.39265999999999 140.91583699999998
1697130750.3947144 -0.27500 0.00000 613 -65.000 -88.39265999999999 140.91583699999998
1697130750.3947144 -0.27500 0.00000 564 -65.000 -88.39265999999999 140.91583699999998
1697130750.3947144 -0.27500 0.00000 653 -65.000 -88.39265999999999 140.91583699999998
1697130750.3947144 -0.27500 0.00000 570 -65.000 -88.39265999999999 140.91583699999998
1697130761.6762447 -0.28000 0.00000 30819 -45.000 -88.39265999999999 135.791626
1697130761.6762447 -0.28000 0.00000 28445 -45.000 -88.39265999999999 135.791626
1697130761.6762447 -0.28000 0.00000 28897 -45.000 -88.39265999999999 135.791626
1697130761.6762447 -0.28000 0.00000 29601 -45.000 -88.39265999999999 135.791626
1697130761.6762447 -0.28000 0.00000 29993 -45.000 -88.39265999999999 135.791626
1697130772.3456533 -0.28000 0.00000 3628 -55.000 -88.39265999999999 135.791626
1697130772.3456533 -0.28000 0.00000 3426 -55.000 -88.39265999999999 135.791626
1697130772.3456533 -0.28000 0.00000 3416 -55.000 -88.39265999999999 135.791626
1697130772.3456533 -0.28000 0.00000 3958 -55.000 -88.39265999999999 135.791626
1697130772.3456533 -0.28000 0.00000 4096 -55.000 -88.39265999999999 135.791626
1697130782.373681 -0.28000 0.00000 354 -65.000 -88.39265999999999 135.791626
1697130782.373681 -0.28000 0.00000 385 -65.000 -88.39265999999999 135.791626
1697130782.373681 -0.28000 0.00000 320 -65.000 -88.39265999999999 135.791626
1697130782.373681 -0.28000 0.00000 363 -65.000 -88.39265999999999 135.791626
1697130782.373681 -0.28000 0.00000 318 -65.000 -88.39265999999999 135.791626
1697130793.6474745 -0.28500 0.00000 22783 -45.000 -83.2684487 130.667415
1697130793.6474745 -0.28500 0.00000 22763 -45.000 -83.2684487 130.667415
1697130793.6474745 -0.28500 0.00000 24239 -45.000 -83.2684487 130.667415
1697130793.6474745 -0.28500 0.00000 23163 -45.000 -83.2684487 130.667415
1697130793.6474745 -0.28500 0.00000 21624 -45.000 -83.2684487 130.667415
1697130804.3170984 -0.28500 0.00000 2664 -55.000 -83.2684487 130.667415
1697130804.3170984 -0.28500 0.00000 2646 -55.000 -83.2684487 130.667415
1697130804.3170984 -0.28500 0.00000 2586 -55.000 -83.2684487 130.667415
1697130804.3170984 -0.28500 0.00000 2692 -55.000 -83.2684487 130.667415
1697130804.3170984 -0.28500 0.00000 2677 -55.000 -83.2684487 130.667415
1697130814.346616 -0.28500 0.00000 169 -65.000 -83.2684487 130.667415
1697130814.346616 -0.28500 0.00000 150 -65.000 -83.2684487 130.667415
1697130814.346616 -0.28500 0.00000 240 -65.000 -83.2684487 130.667415
1697130814.346616 -0.28500 0.00000 216 -65.000 -83.2684487 130.667415
1697130814.346616 -0.28500 0.00000 212 -65.000 -83.2684487 130.667415
1697130825.6185374 -0.29000 0.00000 18184 -45.000 -78.1442374 130.66741100000002
1697130825.6185374 -0.29000 0.00000 17743 -45.000 -78.1442374 130.66741100000002
1697130825.6185374 -0.29000 0.00000 16297 -45.000 -78.1442374 130.66741100000002
1697130825.6185374 -0.29000 0.00000 16740 -45.000 -78.1442374 130.66741100000002
1697130825.6185374 -0.29000 0.00000 17440 -45.000 -78.1442374 130.66741100000002
1697130836.4000401 -0.29000 0.00000 1223 -55.000 -78.1442374 130.66741100000002
1697130836.4000401 -0.29000 0.00000 1710 -55.000 -78.1442374 130.66741100000002
1697130836.4000401 -0.29000 0.00000 1514 -55.000 -78.1442374 130.66741100000002
1697130836.4000401 -0.29000 0.00000 1713 -55.000 -78.1442374 130.66741100000002
1697130836.4000401 -0.29000 0.00000 1546 -55.000 -78.1442374 130.66741100000002
1697130846.4074528 -0.29000 0.00000 93 -65.000 -78.1442374 130.66741100000002
1697130846.4074528 -0.29000 0.00000 165 -65.000 -78.1442374 130.66741100000002
1697130846.4074528 -0.29000 0.00000 102 -65.000 -78.1442374 130.66741100000002
1697130846.4074528 -0.29000 0.00000 79 -65.000 -78.1442374 130.66741100000002
1697130846.4074528 -0.29000 0.00000 103 -65.000 -78.1442374 130.66741100000002
1697130857.6893895 -0.29500 0.00000 12919 -45.000 -73.0200261 130.66741100000002
1697130857.6893895 -0.29500 0.00000 12158 -45.000 -73.0200261 130.66741100000002
1697130857.6893895 -0.29500 0.00000 11933 -45.000 -73.0200261 130.66741100000002
1697130857.6893895 -0.29500 0.00000 11458 -45.000 -73.0200261 130.66741100000002
1697130857.6893895 -0.29500 0.00000 11972 -45.000 -73.0200261 130.66741100000002
1697130868.3715107 -0.29500 0.00000 1358 -55.000 -73.0200261 130.66741100000002
1697130868.3715107 -0.29500 0.00000 1241 -55.000 -73.0200261 130.66741100000002
1697130868.3715107 -0.29500 0.00000 1037 -55.000 -73.0200261 130.66741100000002
1697130868.3715107 -0.29500 0.00000 1107 -55.000 -73.0200261 130.66741100000002
1697130868.3715107 -0.29500 0.00000 1163 -55.000 -73.0200261 130.66741100000002
1697130878.3854394 -0.29500 0.00000 72 -65.000 -73.0200261 130.66741100000002
1697130878.3854394 -0.29500 0.00000 87 -65.000 -73.0200261 130.66741100000002
1697130878.3854394 -0.29500 0.00000 69 -65.000 -73.0200261 130.66741100000002
1697130878.3854394 -0.29500 0.00000 55 -65.000 -73.0200261 130.66741100000002
1697130878.3854394 -0.29500 0.00000 68 -65.000 -73.0200261 130.66741100000002
1697130889.6593533 -0.30000 -0.00000 8728 -45.000 -73.0200261 130.667415
1697130889.6593533 -0.30000 -0.00000 8264 -45.000 -73.0200261 130.667415
1697130889.6593533 -0.30000 -0.00000 8357 -45.000 -73.0200261 130.667415
1697130889.6593533 -0.30000 -0.00000 8483 -45.000 -73.0200261 130.667415
1697130889.6593533 -0.30000 -0.00000 10033 -45.000 -73.0200261 130.667415
1697130900.3277292 -0.30000 -0.00000 564 -55.000 -73.0200261 130.667415
1697130900.3277292 -0.30000 -0.00000 792 -55.000 -73.0200261 130.667415
1697130900.3277292 -0.30000 -0.00000 613 -55.000 -73.0200261 130.667415
1697130900.3277292 -0.30000 -0.00000 845 -55.000 -73.0200261 130.667415
1697130900.3277292 -0.30000 -0.00000 600 -55.000 -73.0200261 130.667415
1697130910.3440166 -0.30000 -0.00000 24 -65.000 -73.0200261 130.667415
1697130910.3440166 -0.30000 -0.00000 18 -65.000 -73.0200261 130.667415
1697130910.3440166 -0.30000 -0.00000 17 -65.000 -73.0200261 130.667415
1697130910.3440166 -0.30000 -0.00000 45 -65.000 -73.0200261 130.667415
1697130910.3440166 -0.30000 -0.00000 37 -65.000 -73.0200261 130.667415
1697130921.6291764 -0.30500 0.00000 6383 -45.000 -73.0200261 130.667415
1697130921.6291764 -0.30500 0.00000 6233 -45.000 -73.0200261 130.667415
1697130921.6291764 -0.30500 0.00000 7752 -45.000 -73.0200261 130.667415
1697130921.6291764 -0.30500 0.00000 7519 -45.000 -73.0200261 130.667415
1697130921.6291764 -0.30500 0.00000 6110 -45.000 -73.0200261 130.667415
1697130932.4094293 -0.30500 0.00000 140 -55.000 -73.0200261 130.667415
1697130932.4094293 -0.30500 0.00000 438 -55.000 -73.0200261 130.667415
1697130932.4094293 -0.30500 0.00000 383 -55.000 -73.0200261 130.667415
1697130932.4094293 -0.30500 0.00000 434 -55.000 -73.0200261 130.667415
1697130932.4094293 -0.30500 0.00000 482 -55.000 -73.0200261 130.667415
1697130942.3136497 -0.30500 0.00000 27 -65.000 -73.0200261 130.667415
1697130942.3136497 -0.30500 0.00000 29 -65.000 -73.0200261 130.667415
1697130942.3136497 -0.30500 0.00000 22 -65.000 -73.0200261 130.667415
1697130942.3136497 -0.30500 0.00000 30 -65.000 -73.0200261 130.667415
1697130942.3136497 -0.30500 0.00000 24 -65.000 -73.0200261 130.667415
1697130953.5987875 -0.31000 0.00001 5066 -45.000 -78.1442374 125.54320299999999
1697130953.5987875 -0.31000 0.00001 3403 -45.000 -78.1442374 125.54320299999999
1697130953.5987875 -0.31000 0.00001 4017 -45.000 -78.1442374 125.54320299999999
1697130953.5987875 -0.31000 0.00001 5295 -45.000 -78.1442374 125.54320299999999
1697130953.5987875 -0.31000 0.00001 4300 -45.000 -78.1442374 125.54320299999999
1697130964.3826983 -0.31000 0.00001 387 -55.000 -78.1442374 125.54320299999999
1697130964.3826983 -0.31000 0.00001 284 -55.000 -78.1442374 125.54320299999999
1697130964.3826983 -0.31000 0.00001 311 -55.000 -78.1442374 125.54320299999999
1697130964.3826983 -0.31000 0.00001 405 -55.000 -78.1442374 125.54320299999999
1697130964.3826983 -0.31000 0.00001 244 -55.000 -78.1442374 125.54320299999999
1697130974.3976989 -0.31000 0.00001 19 -65.000 -78.1442374 125.54320299999999
1697130974.3976989 -0.31000 0.00001 14 -65.000 -78.1442374 125.54320299999999
1697130974.3976989 -0.31000 0.00001 27 -65.000 -78.1442374 125.54320299999999
1697130974.3976989 -0.31000 0.00001 12 -65.000 -78.1442374 125.54320299999999
1697130974.3976989 -0.31000 0.00001 14 -65.000 -78.1442374 125.54320299999999
1697130985.6709104 -0.31500 0.00000 3082 -45.000 -73.0200261 115.294777
1697130985.6709104 -0.31500 0.00000 2726 -45.000 -73.0200261 115.294777
1697130985.6709104 -0.31500 0.00000 2856 -45.000 -73.0200261 115.294777
1697130985.6709104 -0.31500 0.00000 3715 -45.000 -73.0200261 115.294777
1697130985.6709104 -0.31500 0.00000 2654 -45.000 -73.0200261 115.294777
1697130996.3417904 -0.31500 0.00000 246 -55.000 -73.0200261 115.294777
1697130996.3417904 -0.31500 0.00000 81 -55.000 -73.0200261 115.294777
1697130996.3417904 -0.31500 0.00000 222 -55.000 -73.0200261 115.294777
1697130996.3417904 -0.31500 0.00000 188 -55.000 -73.0200261 115.294777
1697130996.3417904 -0.31500 0.00000 166 -55.000 -73.0200261 115.294777
1697131006.357925 -0.31500 0.00000 4 -65.000 -73.0200261 115.294777
1697131006.357925 -0.31500 0.00000 9 -65.000 -73.0200261 115.294777
1697131006.357925 -0.31500 0.00000 8 -65.000 -73.0200261 115.294777
1697131006.357925 -0.31500 0.00000 10 -65.000 -73.0200261 115.294777
1697131006.357925 -0.31500 0.00000 10 -65.000 -73.0200261 115.294777
1697131017.6418326 -0.32000 -0.00000 2832 -45.000 -67.8958148 125.54319899999999
1697131017.6418326 -0.32000 -0.00000 2680 -45.000 -67.8958148 125.54319899999999
1697131017.6418326 -0.32000 -0.00000 2872 -45.000 -67.8958148 125.54319899999999
1697131017.6418326 -0.32000 -0.00000 2894 -45.000 -67.8958148 125.54319899999999
1697131017.6418326 -0.32000 -0.00000 2595 -45.000 -67.8958148 125.54319899999999
1697131028.424269 -0.32000 -0.00000 156 -55.000 -67.8958148 125.54319899999999
1697131028.424269 -0.32000 -0.00000 120 -55.000 -67.8958148 125.54319899999999
1697131028.424269 -0.32000 -0.00000 172 -55.000 -67.8958148 125.54319899999999
1697131028.424269 -0.32000 -0.00000 134 -55.000 -67.8958148 125.54319899999999
1697131028.424269 -0.32000 -0.00000 111 -55.000 -67.8958148 125.54319899999999
1697131038.3272996 -0.32000 -0.00000 0 -65.000 -67.8958148 125.54319899999999
1697131038.3272996 -0.32000 -0.00000 4 -65.000 -67.8958148 125.54319899999999
1697131038.3272996 -0.32000 -0.00000 9 -65.000 -67.8958148 125.54319899999999
1697131038.3272996 -0.32000 -0.00000 5 -65.000 -67.8958148 125.54319899999999
1697131038.3272996 -0.32000 -0.00000 0 -65.000 -67.8958148 125.54319899999999
