# This is data for a Photon Count Rate vs Bias curve
# Wafer : Device	Pa230518 : R9C10
# Bias Resistor : 1000000
# PCR measure comments: Si-WSi 220 nm short bridge
# Si-WSi 220 nm short bridge
# Counter setup: keysight53220A
# 	Trigger Threshhold: -60 mV
# 	Noise Rejection: False
# 	Gate integration: 0.15 s
# Pulsed ON
# 
# Cols: unixtime-[s]	 Bias-[V]	 Sense_Voltage-[V]	 Counts-[#Photons]	 Threshold-[mV]	 Min Peak Voltage-[mV]	 Peak to Peak Voltage-[mV]
1697131089.5774064 -0.00000 -0.00000 2 -50.000 -47.3989621 94.7979242
1697131089.5774064 -0.00000 -0.00000 0 -50.000 -47.3989621 94.7979242
1697131089.5774064 -0.00000 -0.00000 1 -50.000 -47.3989621 94.7979242
1697131089.5774064 -0.00000 -0.00000 0 -50.000 -47.3989621 94.7979242
1697131089.5774064 -0.00000 -0.00000 1 -50.000 -47.3989621 94.7979242
1697131100.3595383 -0.00000 -0.00000 0 -60.000 -47.3989621 94.7979242
1697131100.3595383 -0.00000 -0.00000 0 -60.000 -47.3989621 94.7979242
1697131100.3595383 -0.00000 -0.00000 0 -60.000 -47.3989621 94.7979242
1697131100.3595383 -0.00000 -0.00000 0 -60.000 -47.3989621 94.7979242
1697131100.3595383 -0.00000 -0.00000 0 -60.000 -47.3989621 94.7979242
1697131110.3651097 -0.00000 -0.00000 0 -70.000 -47.3989621 94.7979242
1697131110.3651097 -0.00000 -0.00000 0 -70.000 -47.3989621 94.7979242
1697131110.3651097 -0.00000 -0.00000 0 -70.000 -47.3989621 94.7979242
1697131110.3651097 -0.00000 -0.00000 0 -70.000 -47.3989621 94.7979242
1697131110.3651097 -0.00000 -0.00000 0 -70.000 -47.3989621 94.7979242
1697131121.6631927 -0.00500 0.00000 1 -50.000 -52.5231771 94.7979242
1697131121.6631927 -0.00500 0.00000 0 -50.000 -52.5231771 94.7979242
1697131121.6631927 -0.00500 0.00000 0 -50.000 -52.5231771 94.7979242
1697131121.6631927 -0.00500 0.00000 0 -50.000 -52.5231771 94.7979242
1697131121.6631927 -0.00500 0.00000 0 -50.000 -52.5231771 94.7979242
1697131132.3193233 -0.00500 0.00000 0 -60.000 -52.5231771 94.7979242
1697131132.3193233 -0.00500 0.00000 0 -60.000 -52.5231771 94.7979242
1697131132.3193233 -0.00500 0.00000 0 -60.000 -52.5231771 94.7979242
1697131132.3193233 -0.00500 0.00000 0 -60.000 -52.5231771 94.7979242
1697131132.3193233 -0.00500 0.00000 0 -60.000 -52.5231771 94.7979242
1697131142.3921664 -0.00500 0.00000 0 -70.000 -52.5231771 94.7979242
1697131142.3921664 -0.00500 0.00000 0 -70.000 -52.5231771 94.7979242
1697131142.3921664 -0.00500 0.00000 0 -70.000 -52.5231771 94.7979242
1697131142.3921664 -0.00500 0.00000 0 -70.000 -52.5231771 94.7979242
1697131142.3921664 -0.00500 0.00000 0 -70.000 -52.5231771 94.7979242
1697131153.721666 -0.01000 0.00000 0 -50.000 -47.3989621 99.92213919999999
1697131153.721666 -0.01000 0.00000 0 -50.000 -47.3989621 99.92213919999999
1697131153.721666 -0.01000 0.00000 2 -50.000 -47.3989621 99.92213919999999
1697131153.721666 -0.01000 0.00000 0 -50.000 -47.3989621 99.92213919999999
1697131153.721666 -0.01000 0.00000 0 -50.000 -47.3989621 99.92213919999999
1697131164.403994 -0.01000 0.00000 0 -60.000 -47.3989621 99.92213919999999
1697131164.403994 -0.01000 0.00000 0 -60.000 -47.3989621 99.92213919999999
1697131164.403994 -0.01000 0.00000 0 -60.000 -47.3989621 99.92213919999999
1697131164.403994 -0.01000 0.00000 0 -60.000 -47.3989621 99.92213919999999
1697131164.403994 -0.01000 0.00000 0 -60.000 -47.3989621 99.92213919999999
1697131174.4201307 -0.01000 0.00000 0 -70.000 -47.3989621 99.92213919999999
1697131174.4201307 -0.01000 0.00000 0 -70.000 -47.3989621 99.92213919999999
1697131174.4201307 -0.01000 0.00000 0 -70.000 -47.3989621 99.92213919999999
1697131174.4201307 -0.01000 0.00000 0 -70.000 -47.3989621 99.92213919999999
1697131174.4201307 -0.01000 0.00000 0 -70.000 -47.3989621 99.92213919999999
1697131185.6921291 -0.01500 0.00001 0 -50.000 -47.3989621 89.6737128
1697131185.6921291 -0.01500 0.00001 0 -50.000 -47.3989621 89.6737128
1697131185.6921291 -0.01500 0.00001 0 -50.000 -47.3989621 89.6737128
1697131185.6921291 -0.01500 0.00001 1 -50.000 -47.3989621 89.6737128
1697131185.6921291 -0.01500 0.00001 0 -50.000 -47.3989621 89.6737128
1697131196.3748565 -0.01500 0.00001 0 -60.000 -47.3989621 89.6737128
1697131196.3748565 -0.01500 0.00001 0 -60.000 -47.3989621 89.6737128
1697131196.3748565 -0.01500 0.00001 0 -60.000 -47.3989621 89.6737128
1697131196.3748565 -0.01500 0.00001 0 -60.000 -47.3989621 89.6737128
1697131196.3748565 -0.01500 0.00001 0 -60.000 -47.3989621 89.6737128
1697131206.3898768 -0.01500 0.00001 0 -70.000 -47.3989621 89.6737128
1697131206.3898768 -0.01500 0.00001 0 -70.000 -47.3989621 89.6737128
1697131206.3898768 -0.01500 0.00001 0 -70.000 -47.3989621 89.6737128
1697131206.3898768 -0.01500 0.00001 0 -70.000 -47.3989621 89.6737128
1697131206.3898768 -0.01500 0.00001 0 -70.000 -47.3989621 89.6737128
1697131217.6745796 -0.02000 -0.00000 0 -50.000 -47.3989621 89.6737128
1697131217.6745796 -0.02000 -0.00000 0 -50.000 -47.3989621 89.6737128
1697131217.6745796 -0.02000 -0.00000 0 -50.000 -47.3989621 89.6737128
1697131217.6745796 -0.02000 -0.00000 0 -50.000 -47.3989621 89.6737128
1697131217.6745796 -0.02000 -0.00000 0 -50.000 -47.3989621 89.6737128
1697131228.345885 -0.02000 -0.00000 0 -60.000 -47.3989621 89.6737128
1697131228.345885 -0.02000 -0.00000 0 -60.000 -47.3989621 89.6737128
1697131228.345885 -0.02000 -0.00000 0 -60.000 -47.3989621 89.6737128
1697131228.345885 -0.02000 -0.00000 0 -60.000 -47.3989621 89.6737128
1697131228.345885 -0.02000 -0.00000 0 -60.000 -47.3989621 89.6737128
1697131239.7193367 -0.02500 -0.00000 0 -50.000 -47.3989621 94.7979242
1697131239.7193367 -0.02500 -0.00000 0 -50.000 -47.3989621 94.7979242
1697131239.7193367 -0.02500 -0.00000 0 -50.000 -47.3989621 94.7979242
1697131239.7193367 -0.02500 -0.00000 1 -50.000 -47.3989621 94.7979242
1697131239.7193367 -0.02500 -0.00000 0 -50.000 -47.3989621 94.7979242
1697131250.395037 -0.02500 -0.00000 0 -60.000 -47.3989621 94.7979242
1697131250.395037 -0.02500 -0.00000 0 -60.000 -47.3989621 94.7979242
1697131250.395037 -0.02500 -0.00000 0 -60.000 -47.3989621 94.7979242
1697131250.395037 -0.02500 -0.00000 0 -60.000 -47.3989621 94.7979242
1697131250.395037 -0.02500 -0.00000 0 -60.000 -47.3989621 94.7979242
1697131260.4168491 -0.02500 -0.00000 0 -70.000 -47.3989621 94.7979242
1697131260.4168491 -0.02500 -0.00000 0 -70.000 -47.3989621 94.7979242
1697131260.4168491 -0.02500 -0.00000 0 -70.000 -47.3989621 94.7979242
1697131260.4168491 -0.02500 -0.00000 0 -70.000 -47.3989621 94.7979242
1697131260.4168491 -0.02500 -0.00000 0 -70.000 -47.3989621 94.7979242
1697131271.5917578 -0.03000 0.00000 0 -50.000 -47.3989621 89.6737128
1697131271.5917578 -0.03000 0.00000 1 -50.000 -47.3989621 89.6737128
1697131271.5917578 -0.03000 0.00000 2 -50.000 -47.3989621 89.6737128
1697131271.5917578 -0.03000 0.00000 0 -50.000 -47.3989621 89.6737128
1697131271.5917578 -0.03000 0.00000 2 -50.000 -47.3989621 89.6737128
1697131282.3847642 -0.03000 0.00000 0 -60.000 -47.3989621 89.6737128
1697131282.3847642 -0.03000 0.00000 0 -60.000 -47.3989621 89.6737128
1697131282.3847642 -0.03000 0.00000 0 -60.000 -47.3989621 89.6737128
1697131282.3847642 -0.03000 0.00000 0 -60.000 -47.3989621 89.6737128
1697131282.3847642 -0.03000 0.00000 0 -60.000 -47.3989621 89.6737128
1697131292.386958 -0.03000 0.00000 0 -70.000 -47.3989621 89.6737128
1697131292.386958 -0.03000 0.00000 0 -70.000 -47.3989621 89.6737128
1697131292.386958 -0.03000 0.00000 0 -70.000 -47.3989621 89.6737128
1697131292.386958 -0.03000 0.00000 0 -70.000 -47.3989621 89.6737128
1697131292.386958 -0.03000 0.00000 0 -70.000 -47.3989621 89.6737128
1697131303.765125 -0.03500 0.00000 1 -50.000 -47.3989621 94.7979242
1697131303.765125 -0.03500 0.00000 0 -50.000 -47.3989621 94.7979242
1697131303.765125 -0.03500 0.00000 0 -50.000 -47.3989621 94.7979242
1697131303.765125 -0.03500 0.00000 1 -50.000 -47.3989621 94.7979242
1697131303.765125 -0.03500 0.00000 1 -50.000 -47.3989621 94.7979242
1697131314.343739 -0.03500 0.00000 0 -60.000 -47.3989621 94.7979242
1697131314.343739 -0.03500 0.00000 0 -60.000 -47.3989621 94.7979242
1697131314.343739 -0.03500 0.00000 0 -60.000 -47.3989621 94.7979242
1697131314.343739 -0.03500 0.00000 0 -60.000 -47.3989621 94.7979242
1697131314.343739 -0.03500 0.00000 0 -60.000 -47.3989621 94.7979242
1697131324.359418 -0.03500 0.00000 0 -70.000 -47.3989621 94.7979242
1697131324.359418 -0.03500 0.00000 0 -70.000 -47.3989621 94.7979242
1697131324.359418 -0.03500 0.00000 0 -70.000 -47.3989621 94.7979242
1697131324.359418 -0.03500 0.00000 0 -70.000 -47.3989621 94.7979242
1697131324.359418 -0.03500 0.00000 0 -70.000 -47.3989621 94.7979242
1697131335.632205 -0.04000 -0.00000 2 -50.000 -52.5231771 99.92213919999999
1697131335.632205 -0.04000 -0.00000 1 -50.000 -52.5231771 99.92213919999999
1697131335.632205 -0.04000 -0.00000 2 -50.000 -52.5231771 99.92213919999999
1697131335.632205 -0.04000 -0.00000 0 -50.000 -52.5231771 99.92213919999999
1697131335.632205 -0.04000 -0.00000 3 -50.000 -52.5231771 99.92213919999999
1697131346.4143534 -0.04000 -0.00000 0 -60.000 -52.5231771 99.92213919999999
1697131346.4143534 -0.04000 -0.00000 0 -60.000 -52.5231771 99.92213919999999
1697131346.4143534 -0.04000 -0.00000 0 -60.000 -52.5231771 99.92213919999999
1697131346.4143534 -0.04000 -0.00000 0 -60.000 -52.5231771 99.92213919999999
1697131346.4143534 -0.04000 -0.00000 0 -60.000 -52.5231771 99.92213919999999
1697131356.317915 -0.04000 -0.00000 0 -70.000 -52.5231771 99.92213919999999
1697131356.317915 -0.04000 -0.00000 0 -70.000 -52.5231771 99.92213919999999
1697131356.317915 -0.04000 -0.00000 0 -70.000 -52.5231771 99.92213919999999
1697131356.317915 -0.04000 -0.00000 0 -70.000 -52.5231771 99.92213919999999
1697131356.317915 -0.04000 -0.00000 0 -70.000 -52.5231771 99.92213919999999
1697131367.7035787 -0.04500 0.00000 1 -50.000 -52.5231771 94.79792789999999
1697131367.7035787 -0.04500 0.00000 0 -50.000 -52.5231771 94.79792789999999
1697131367.7035787 -0.04500 0.00000 4 -50.000 -52.5231771 94.79792789999999
1697131367.7035787 -0.04500 0.00000 2 -50.000 -52.5231771 94.79792789999999
1697131367.7035787 -0.04500 0.00000 3 -50.000 -52.5231771 94.79792789999999
1697131378.3869746 -0.04500 0.00000 0 -60.000 -52.5231771 94.79792789999999
1697131378.3869746 -0.04500 0.00000 0 -60.000 -52.5231771 94.79792789999999
1697131378.3869746 -0.04500 0.00000 0 -60.000 -52.5231771 94.79792789999999
1697131378.3869746 -0.04500 0.00000 0 -60.000 -52.5231771 94.79792789999999
1697131378.3869746 -0.04500 0.00000 0 -60.000 -52.5231771 94.79792789999999
1697131388.3917503 -0.04500 0.00000 0 -70.000 -52.5231771 94.79792789999999
1697131388.3917503 -0.04500 0.00000 0 -70.000 -52.5231771 94.79792789999999
1697131388.3917503 -0.04500 0.00000 0 -70.000 -52.5231771 94.79792789999999
1697131388.3917503 -0.04500 0.00000 0 -70.000 -52.5231771 94.79792789999999
1697131388.3917503 -0.04500 0.00000 0 -70.000 -52.5231771 94.79792789999999
1697131399.673375 -0.05000 -0.00000 4 -50.000 -52.5231771 94.7979242
1697131399.673375 -0.05000 -0.00000 7 -50.000 -52.5231771 94.7979242
1697131399.673375 -0.05000 -0.00000 9 -50.000 -52.5231771 94.7979242
1697131399.673375 -0.05000 -0.00000 3 -50.000 -52.5231771 94.7979242
1697131399.673375 -0.05000 -0.00000 8 -50.000 -52.5231771 94.7979242
1697131410.3422573 -0.05000 -0.00000 1 -60.000 -52.5231771 94.7979242
1697131410.3422573 -0.05000 -0.00000 1 -60.000 -52.5231771 94.7979242
1697131410.3422573 -0.05000 -0.00000 0 -60.000 -52.5231771 94.7979242
1697131410.3422573 -0.05000 -0.00000 1 -60.000 -52.5231771 94.7979242
1697131410.3422573 -0.05000 -0.00000 1 -60.000 -52.5231771 94.7979242
1697131420.3595505 -0.05000 -0.00000 0 -70.000 -52.5231771 94.7979242
1697131420.3595505 -0.05000 -0.00000 0 -70.000 -52.5231771 94.7979242
1697131420.3595505 -0.05000 -0.00000 0 -70.000 -52.5231771 94.7979242
1697131420.3595505 -0.05000 -0.00000 0 -70.000 -52.5231771 94.7979242
1697131420.3595505 -0.05000 -0.00000 0 -70.000 -52.5231771 94.7979242
1697131431.7443058 -0.05500 0.00001 10 -50.000 -57.6473884 99.92213919999999
1697131431.7443058 -0.05500 0.00001 14 -50.000 -57.6473884 99.92213919999999
1697131431.7443058 -0.05500 0.00001 10 -50.000 -57.6473884 99.92213919999999
1697131431.7443058 -0.05500 0.00001 11 -50.000 -57.6473884 99.92213919999999
1697131431.7443058 -0.05500 0.00001 6 -50.000 -57.6473884 99.92213919999999
1697131442.3126702 -0.05500 0.00001 3 -60.000 -57.6473884 99.92213919999999
1697131442.3126702 -0.05500 0.00001 0 -60.000 -57.6473884 99.92213919999999
1697131442.3126702 -0.05500 0.00001 1 -60.000 -57.6473884 99.92213919999999
1697131442.3126702 -0.05500 0.00001 2 -60.000 -57.6473884 99.92213919999999
1697131442.3126702 -0.05500 0.00001 3 -60.000 -57.6473884 99.92213919999999
1697131452.3299656 -0.05500 0.00001 0 -70.000 -57.6473884 99.92213919999999
1697131452.3299656 -0.05500 0.00001 1 -70.000 -57.6473884 99.92213919999999
1697131452.3299656 -0.05500 0.00001 0 -70.000 -57.6473884 99.92213919999999
1697131452.3299656 -0.05500 0.00001 0 -70.000 -57.6473884 99.92213919999999
1697131452.3299656 -0.05500 0.00001 0 -70.000 -57.6473884 99.92213919999999
1697131463.6152506 -0.06000 0.00000 27 -50.000 -52.5231771 89.6737128
1697131463.6152506 -0.06000 0.00000 33 -50.000 -52.5231771 89.6737128
1697131463.6152506 -0.06000 0.00000 26 -50.000 -52.5231771 89.6737128
1697131463.6152506 -0.06000 0.00000 29 -50.000 -52.5231771 89.6737128
1697131463.6152506 -0.06000 0.00000 24 -50.000 -52.5231771 89.6737128
1697131474.3975568 -0.06000 0.00000 4 -60.000 -52.5231771 89.6737128
1697131474.3975568 -0.06000 0.00000 3 -60.000 -52.5231771 89.6737128
1697131474.3975568 -0.06000 0.00000 3 -60.000 -52.5231771 89.6737128
1697131474.3975568 -0.06000 0.00000 1 -60.000 -52.5231771 89.6737128
1697131474.3975568 -0.06000 0.00000 0 -60.000 -52.5231771 89.6737128
1697131484.4151828 -0.06000 0.00000 0 -70.000 -52.5231771 89.6737128
1697131484.4151828 -0.06000 0.00000 2 -70.000 -52.5231771 89.6737128
1697131484.4151828 -0.06000 0.00000 0 -70.000 -52.5231771 89.6737128
1697131484.4151828 -0.06000 0.00000 0 -70.000 -52.5231771 89.6737128
1697131484.4151828 -0.06000 0.00000 1 -70.000 -52.5231771 89.6737128
1697131495.6862333 -0.06500 0.00000 53 -50.000 -57.6473884 94.7979242
1697131495.6862333 -0.06500 0.00000 59 -50.000 -57.6473884 94.7979242
1697131495.6862333 -0.06500 0.00000 42 -50.000 -57.6473884 94.7979242
1697131495.6862333 -0.06500 0.00000 56 -50.000 -57.6473884 94.7979242
1697131495.6862333 -0.06500 0.00000 65 -50.000 -57.6473884 94.7979242
1697131506.3683567 -0.06500 0.00000 8 -60.000 -57.6473884 94.7979242
1697131506.3683567 -0.06500 0.00000 7 -60.000 -57.6473884 94.7979242
1697131506.3683567 -0.06500 0.00000 8 -60.000 -57.6473884 94.7979242
1697131506.3683567 -0.06500 0.00000 11 -60.000 -57.6473884 94.7979242
1697131506.3683567 -0.06500 0.00000 5 -60.000 -57.6473884 94.7979242
1697131516.382743 -0.06500 0.00000 0 -70.000 -57.6473884 94.7979242
1697131516.382743 -0.06500 0.00000 1 -70.000 -57.6473884 94.7979242
1697131516.382743 -0.06500 0.00000 1 -70.000 -57.6473884 94.7979242
1697131516.382743 -0.06500 0.00000 1 -70.000 -57.6473884 94.7979242
1697131516.382743 -0.06500 0.00000 0 -70.000 -57.6473884 94.7979242
1697131527.6564944 -0.07000 0.00000 114 -50.000 -57.6473884 94.7979242
1697131527.6564944 -0.07000 0.00000 99 -50.000 -57.6473884 94.7979242
1697131527.6564944 -0.07000 0.00000 109 -50.000 -57.6473884 94.7979242
1697131527.6564944 -0.07000 0.00000 103 -50.000 -57.6473884 94.7979242
1697131527.6564944 -0.07000 0.00000 99 -50.000 -57.6473884 94.7979242
1697131538.3258257 -0.07000 0.00000 12 -60.000 -57.6473884 94.7979242
1697131538.3258257 -0.07000 0.00000 13 -60.000 -57.6473884 94.7979242
1697131538.3258257 -0.07000 0.00000 13 -60.000 -57.6473884 94.7979242
1697131538.3258257 -0.07000 0.00000 16 -60.000 -57.6473884 94.7979242
1697131538.3258257 -0.07000 0.00000 13 -60.000 -57.6473884 94.7979242
1697131548.354083 -0.07000 0.00000 1 -70.000 -57.6473884 94.7979242
1697131548.354083 -0.07000 0.00000 0 -70.000 -57.6473884 94.7979242
1697131548.354083 -0.07000 0.00000 0 -70.000 -57.6473884 94.7979242
1697131548.354083 -0.07000 0.00000 0 -70.000 -57.6473884 94.7979242
1697131548.354083 -0.07000 0.00000 0 -70.000 -57.6473884 94.7979242
1697131559.7279716 -0.07500 0.00000 194 -50.000 -57.6473884 99.92213919999999
1697131559.7279716 -0.07500 0.00000 191 -50.000 -57.6473884 99.92213919999999
1697131559.7279716 -0.07500 0.00000 197 -50.000 -57.6473884 99.92213919999999
1697131559.7279716 -0.07500 0.00000 212 -50.000 -57.6473884 99.92213919999999
1697131559.7279716 -0.07500 0.00000 183 -50.000 -57.6473884 99.92213919999999
1697131570.4102054 -0.07500 0.00000 37 -60.000 -57.6473884 99.92213919999999
1697131570.4102054 -0.07500 0.00000 42 -60.000 -57.6473884 99.92213919999999
1697131570.4102054 -0.07500 0.00000 35 -60.000 -57.6473884 99.92213919999999
1697131570.4102054 -0.07500 0.00000 34 -60.000 -57.6473884 99.92213919999999
1697131570.4102054 -0.07500 0.00000 21 -60.000 -57.6473884 99.92213919999999
1697131580.313441 -0.07500 0.00000 6 -70.000 -57.6473884 99.92213919999999
1697131580.313441 -0.07500 0.00000 3 -70.000 -57.6473884 99.92213919999999
1697131580.313441 -0.07500 0.00000 3 -70.000 -57.6473884 99.92213919999999
1697131580.313441 -0.07500 0.00000 5 -70.000 -57.6473884 99.92213919999999
1697131580.313441 -0.07500 0.00000 3 -70.000 -57.6473884 99.92213919999999
1697131591.6995873 -0.08000 0.00000 326 -50.000 -57.6473884 89.6737128
1697131591.6995873 -0.08000 0.00000 344 -50.000 -57.6473884 89.6737128
1697131591.6995873 -0.08000 0.00000 308 -50.000 -57.6473884 89.6737128
1697131591.6995873 -0.08000 0.00000 364 -50.000 -57.6473884 89.6737128
1697131591.6995873 -0.08000 0.00000 340 -50.000 -57.6473884 89.6737128
1697131602.3691397 -0.08000 0.00000 67 -60.000 -57.6473884 89.6737128
1697131602.3691397 -0.08000 0.00000 53 -60.000 -57.6473884 89.6737128
1697131602.3691397 -0.08000 0.00000 74 -60.000 -57.6473884 89.6737128
1697131602.3691397 -0.08000 0.00000 72 -60.000 -57.6473884 89.6737128
1697131602.3691397 -0.08000 0.00000 59 -60.000 -57.6473884 89.6737128
1697131612.3973308 -0.08000 0.00000 5 -70.000 -57.6473884 89.6737128
1697131612.3973308 -0.08000 0.00000 3 -70.000 -57.6473884 89.6737128
1697131612.3973308 -0.08000 0.00000 4 -70.000 -57.6473884 89.6737128
1697131612.3973308 -0.08000 0.00000 8 -70.000 -57.6473884 89.6737128
1697131612.3973308 -0.08000 0.00000 7 -70.000 -57.6473884 89.6737128
1697131623.669495 -0.08500 0.00000 559 -50.000 -57.6473884 94.7979242
1697131623.669495 -0.08500 0.00000 509 -50.000 -57.6473884 94.7979242
1697131623.669495 -0.08500 0.00000 519 -50.000 -57.6473884 94.7979242
1697131623.669495 -0.08500 0.00000 555 -50.000 -57.6473884 94.7979242
1697131623.669495 -0.08500 0.00000 539 -50.000 -57.6473884 94.7979242
1697131634.3389263 -0.08500 0.00000 116 -60.000 -57.6473884 94.7979242
1697131634.3389263 -0.08500 0.00000 120 -60.000 -57.6473884 94.7979242
1697131634.3389263 -0.08500 0.00000 109 -60.000 -57.6473884 94.7979242
1697131634.3389263 -0.08500 0.00000 117 -60.000 -57.6473884 94.7979242
1697131634.3389263 -0.08500 0.00000 118 -60.000 -57.6473884 94.7979242
1697131644.3684587 -0.08500 0.00000 13 -70.000 -57.6473884 94.7979242
1697131644.3684587 -0.08500 0.00000 17 -70.000 -57.6473884 94.7979242
1697131644.3684587 -0.08500 0.00000 9 -70.000 -57.6473884 94.7979242
1697131644.3684587 -0.08500 0.00000 10 -70.000 -57.6473884 94.7979242
1697131644.3684587 -0.08500 0.00000 10 -70.000 -57.6473884 94.7979242
1697131655.639939 -0.09000 0.00000 834 -50.000 -52.5231771 99.92213919999999
1697131655.639939 -0.09000 0.00000 830 -50.000 -52.5231771 99.92213919999999
1697131655.639939 -0.09000 0.00000 819 -50.000 -52.5231771 99.92213919999999
1697131655.639939 -0.09000 0.00000 817 -50.000 -52.5231771 99.92213919999999
1697131655.639939 -0.09000 0.00000 819 -50.000 -52.5231771 99.92213919999999
1697131666.3089416 -0.09000 0.00000 204 -60.000 -52.5231771 99.92213919999999
1697131666.3089416 -0.09000 0.00000 194 -60.000 -52.5231771 99.92213919999999
1697131666.3089416 -0.09000 0.00000 193 -60.000 -52.5231771 99.92213919999999
1697131666.3089416 -0.09000 0.00000 190 -60.000 -52.5231771 99.92213919999999
1697131666.3089416 -0.09000 0.00000 204 -60.000 -52.5231771 99.92213919999999
1697131676.3257718 -0.09000 0.00000 16 -70.000 -52.5231771 99.92213919999999
1697131676.3257718 -0.09000 0.00000 21 -70.000 -52.5231771 99.92213919999999
1697131676.3257718 -0.09000 0.00000 28 -70.000 -52.5231771 99.92213919999999
1697131676.3257718 -0.09000 0.00000 32 -70.000 -52.5231771 99.92213919999999
1697131676.3257718 -0.09000 0.00000 23 -70.000 -52.5231771 99.92213919999999
1697131687.6111555 -0.09500 0.00000 1189 -50.000 -47.3989621 94.79792789999999
1697131687.6111555 -0.09500 0.00000 1169 -50.000 -47.3989621 94.79792789999999
1697131687.6111555 -0.09500 0.00000 1155 -50.000 -47.3989621 94.79792789999999
1697131687.6111555 -0.09500 0.00000 1159 -50.000 -47.3989621 94.79792789999999
1697131687.6111555 -0.09500 0.00000 1190 -50.000 -47.3989621 94.79792789999999
1697131698.393473 -0.09500 0.00000 349 -60.000 -47.3989621 94.79792789999999
1697131698.393473 -0.09500 0.00000 364 -60.000 -47.3989621 94.79792789999999
1697131698.393473 -0.09500 0.00000 312 -60.000 -47.3989621 94.79792789999999
1697131698.393473 -0.09500 0.00000 310 -60.000 -47.3989621 94.79792789999999
1697131698.393473 -0.09500 0.00000 331 -60.000 -47.3989621 94.79792789999999
1697131708.396354 -0.09500 0.00000 44 -70.000 -47.3989621 94.79792789999999
1697131708.396354 -0.09500 0.00000 59 -70.000 -47.3989621 94.79792789999999
1697131708.396354 -0.09500 0.00000 65 -70.000 -47.3989621 94.79792789999999
1697131708.396354 -0.09500 0.00000 58 -70.000 -47.3989621 94.79792789999999
1697131708.396354 -0.09500 0.00000 47 -70.000 -47.3989621 94.79792789999999
1697131719.6819565 -0.10000 0.00000 1599 -50.000 -78.1442374 94.7979242
1697131719.6819565 -0.10000 0.00000 1550 -50.000 -78.1442374 94.7979242
1697131719.6819565 -0.10000 0.00000 1585 -50.000 -78.1442374 94.7979242
1697131719.6819565 -0.10000 0.00000 1583 -50.000 -78.1442374 94.7979242
1697131719.6819565 -0.10000 0.00000 1647 -50.000 -78.1442374 94.7979242
1697131730.363747 -0.10000 0.00000 545 -60.000 -78.1442374 94.7979242
1697131730.363747 -0.10000 0.00000 478 -60.000 -78.1442374 94.7979242
1697131730.363747 -0.10000 0.00000 526 -60.000 -78.1442374 94.7979242
1697131730.363747 -0.10000 0.00000 468 -60.000 -78.1442374 94.7979242
1697131730.363747 -0.10000 0.00000 552 -60.000 -78.1442374 94.7979242
1697131740.3806329 -0.10000 0.00000 96 -70.000 -78.1442374 94.7979242
1697131740.3806329 -0.10000 0.00000 91 -70.000 -78.1442374 94.7979242
1697131740.3806329 -0.10000 0.00000 94 -70.000 -78.1442374 94.7979242
1697131740.3806329 -0.10000 0.00000 86 -70.000 -78.1442374 94.7979242
1697131740.3806329 -0.10000 0.00000 86 -70.000 -78.1442374 94.7979242
1697131751.652943 -0.10500 0.00000 2104 -50.000 -52.5231771 94.79792789999999
1697131751.652943 -0.10500 0.00000 2045 -50.000 -52.5231771 94.79792789999999
1697131751.652943 -0.10500 0.00000 2121 -50.000 -52.5231771 94.79792789999999
1697131751.652943 -0.10500 0.00000 2085 -50.000 -52.5231771 94.79792789999999
1697131751.652943 -0.10500 0.00000 2103 -50.000 -52.5231771 94.79792789999999
1697131762.322511 -0.10500 0.00000 722 -60.000 -52.5231771 94.79792789999999
1697131762.322511 -0.10500 0.00000 761 -60.000 -52.5231771 94.79792789999999
1697131762.322511 -0.10500 0.00000 769 -60.000 -52.5231771 94.79792789999999
1697131762.322511 -0.10500 0.00000 744 -60.000 -52.5231771 94.79792789999999
1697131762.322511 -0.10500 0.00000 745 -60.000 -52.5231771 94.79792789999999
1697131772.339408 -0.10500 0.00000 149 -70.000 -52.5231771 94.79792789999999
1697131772.339408 -0.10500 0.00000 162 -70.000 -52.5231771 94.79792789999999
1697131772.339408 -0.10500 0.00000 144 -70.000 -52.5231771 94.79792789999999
1697131772.339408 -0.10500 0.00000 135 -70.000 -52.5231771 94.79792789999999
1697131772.339408 -0.10500 0.00000 149 -70.000 -52.5231771 94.79792789999999
1697131783.7247772 -0.11000 0.00000 2779 -50.000 -88.39265999999999 105.046354
1697131783.7247772 -0.11000 0.00000 2722 -50.000 -88.39265999999999 105.046354
1697131783.7247772 -0.11000 0.00000 2579 -50.000 -88.39265999999999 105.046354
1697131783.7247772 -0.11000 0.00000 2703 -50.000 -88.39265999999999 105.046354
1697131783.7247772 -0.11000 0.00000 2626 -50.000 -88.39265999999999 105.046354
1697131794.4179256 -0.11000 0.00000 1075 -60.000 -88.39265999999999 105.046354
1697131794.4179256 -0.11000 0.00000 1107 -60.000 -88.39265999999999 105.046354
1697131794.4179256 -0.11000 0.00000 1045 -60.000 -88.39265999999999 105.046354
1697131794.4179256 -0.11000 0.00000 1084 -60.000 -88.39265999999999 105.046354
1697131794.4179256 -0.11000 0.00000 1120 -60.000 -88.39265999999999 105.046354
1697131804.3100734 -0.11000 0.00000 255 -70.000 -88.39265999999999 105.046354
1697131804.3100734 -0.11000 0.00000 248 -70.000 -88.39265999999999 105.046354
1697131804.3100734 -0.11000 0.00000 256 -70.000 -88.39265999999999 105.046354
1697131804.3100734 -0.11000 0.00000 238 -70.000 -88.39265999999999 105.046354
1697131804.3100734 -0.11000 0.00000 245 -70.000 -88.39265999999999 105.046354
1697131815.6965568 -0.11500 0.00000 3171 -50.000 -52.5231771 94.79792789999999
1697131815.6965568 -0.11500 0.00000 3277 -50.000 -52.5231771 94.79792789999999
1697131815.6965568 -0.11500 0.00000 3223 -50.000 -52.5231771 94.79792789999999
1697131815.6965568 -0.11500 0.00000 3321 -50.000 -52.5231771 94.79792789999999
1697131815.6965568 -0.11500 0.00000 3241 -50.000 -52.5231771 94.79792789999999
1697131826.377488 -0.11500 0.00000 1438 -60.000 -52.5231771 94.79792789999999
1697131826.377488 -0.11500 0.00000 1447 -60.000 -52.5231771 94.79792789999999
1697131826.377488 -0.11500 0.00000 1483 -60.000 -52.5231771 94.79792789999999
1697131826.377488 -0.11500 0.00000 1454 -60.000 -52.5231771 94.79792789999999
1697131826.377488 -0.11500 0.00000 1507 -60.000 -52.5231771 94.79792789999999
1697131836.395272 -0.11500 0.00000 413 -70.000 -52.5231771 94.79792789999999
1697131836.395272 -0.11500 0.00000 406 -70.000 -52.5231771 94.79792789999999
1697131836.395272 -0.11500 0.00000 390 -70.000 -52.5231771 94.79792789999999
1697131836.395272 -0.11500 0.00000 402 -70.000 -52.5231771 94.79792789999999
1697131836.395272 -0.11500 0.00000 396 -70.000 -52.5231771 94.79792789999999
1697131847.7684696 -0.12000 0.00000 3798 -50.000 -103.76530100000001 99.92213919999999
1697131847.7684696 -0.12000 0.00000 3798 -50.000 -103.76530100000001 99.92213919999999
1697131847.7684696 -0.12000 0.00000 3807 -50.000 -103.76530100000001 99.92213919999999
1697131847.7684696 -0.12000 0.00000 3858 -50.000 -103.76530100000001 99.92213919999999
1697131847.7684696 -0.12000 0.00000 3704 -50.000 -103.76530100000001 99.92213919999999
1697131858.3378825 -0.12000 0.00000 1906 -60.000 -103.76530100000001 99.92213919999999
1697131858.3378825 -0.12000 0.00000 1848 -60.000 -103.76530100000001 99.92213919999999
1697131858.3378825 -0.12000 0.00000 1967 -60.000 -103.76530100000001 99.92213919999999
1697131858.3378825 -0.12000 0.00000 1988 -60.000 -103.76530100000001 99.92213919999999
1697131858.3378825 -0.12000 0.00000 1895 -60.000 -103.76530100000001 99.92213919999999
1697131868.3774848 -0.12000 0.00000 657 -70.000 -103.76530100000001 99.92213919999999
1697131868.3774848 -0.12000 0.00000 604 -70.000 -103.76530100000001 99.92213919999999
1697131868.3774848 -0.12000 0.00000 586 -70.000 -103.76530100000001 99.92213919999999
1697131868.3774848 -0.12000 0.00000 586 -70.000 -103.76530100000001 99.92213919999999
1697131868.3774848 -0.12000 0.00000 609 -70.000 -103.76530100000001 99.92213919999999
1697131879.6376848 -0.12500 0.00000 4369 -50.000 -78.1442374 99.92213919999999
1697131879.6376848 -0.12500 0.00000 4362 -50.000 -78.1442374 99.92213919999999
1697131879.6376848 -0.12500 0.00000 4401 -50.000 -78.1442374 99.92213919999999
1697131879.6376848 -0.12500 0.00000 4306 -50.000 -78.1442374 99.92213919999999
1697131879.6376848 -0.12500 0.00000 4354 -50.000 -78.1442374 99.92213919999999
1697131890.3071682 -0.12500 0.00000 2456 -60.000 -78.1442374 99.92213919999999
1697131890.3071682 -0.12500 0.00000 2460 -60.000 -78.1442374 99.92213919999999
1697131890.3071682 -0.12500 0.00000 2360 -60.000 -78.1442374 99.92213919999999
1697131890.3071682 -0.12500 0.00000 2459 -60.000 -78.1442374 99.92213919999999
1697131890.3071682 -0.12500 0.00000 2525 -60.000 -78.1442374 99.92213919999999
1697131900.3238285 -0.12500 0.00000 930 -70.000 -78.1442374 99.92213919999999
1697131900.3238285 -0.12500 0.00000 858 -70.000 -78.1442374 99.92213919999999
1697131900.3238285 -0.12500 0.00000 868 -70.000 -78.1442374 99.92213919999999
1697131900.3238285 -0.12500 0.00000 891 -70.000 -78.1442374 99.92213919999999
1697131900.3238285 -0.12500 0.00000 868 -70.000 -78.1442374 99.92213919999999
1697131911.7102075 -0.13000 -0.00000 4817 -50.000 -57.6473884 94.7979242
1697131911.7102075 -0.13000 -0.00000 4947 -50.000 -57.6473884 94.7979242
1697131911.7102075 -0.13000 -0.00000 4781 -50.000 -57.6473884 94.7979242
1697131911.7102075 -0.13000 -0.00000 4678 -50.000 -57.6473884 94.7979242
1697131911.7102075 -0.13000 -0.00000 4670 -50.000 -57.6473884 94.7979242
1697131922.3788264 -0.13000 -0.00000 3053 -60.000 -57.6473884 94.7979242
1697131922.3788264 -0.13000 -0.00000 2979 -60.000 -57.6473884 94.7979242
1697131922.3788264 -0.13000 -0.00000 3045 -60.000 -57.6473884 94.7979242
1697131922.3788264 -0.13000 -0.00000 3125 -60.000 -57.6473884 94.7979242
1697131922.3788264 -0.13000 -0.00000 3018 -60.000 -57.6473884 94.7979242
1697131932.395147 -0.13000 -0.00000 1250 -70.000 -57.6473884 94.7979242
1697131932.395147 -0.13000 -0.00000 1187 -70.000 -57.6473884 94.7979242
1697131932.395147 -0.13000 -0.00000 1217 -70.000 -57.6473884 94.7979242
1697131932.395147 -0.13000 -0.00000 1212 -70.000 -57.6473884 94.7979242
1697131932.395147 -0.13000 -0.00000 1190 -70.000 -57.6473884 94.7979242
1697131943.7813349 -0.13500 -0.00000 5205 -50.000 -103.76530100000001 94.7979242
1697131943.7813349 -0.13500 -0.00000 5209 -50.000 -103.76530100000001 94.7979242
1697131943.7813349 -0.13500 -0.00000 5183 -50.000 -103.76530100000001 94.7979242
1697131943.7813349 -0.13500 -0.00000 5360 -50.000 -103.76530100000001 94.7979242
1697131943.7813349 -0.13500 -0.00000 5113 -50.000 -103.76530100000001 94.7979242
1697131954.3609967 -0.13500 -0.00000 3619 -60.000 -103.76530100000001 94.7979242
1697131954.3609967 -0.13500 -0.00000 3678 -60.000 -103.76530100000001 94.7979242
1697131954.3609967 -0.13500 -0.00000 3552 -60.000 -103.76530100000001 94.7979242
1697131954.3609967 -0.13500 -0.00000 3690 -60.000 -103.76530100000001 94.7979242
1697131954.3609967 -0.13500 -0.00000 3637 -60.000 -103.76530100000001 94.7979242
1697131964.3895895 -0.13500 -0.00000 1605 -70.000 -103.76530100000001 94.7979242
1697131964.3895895 -0.13500 -0.00000 1667 -70.000 -103.76530100000001 94.7979242
1697131964.3895895 -0.13500 -0.00000 1644 -70.000 -103.76530100000001 94.7979242
1697131964.3895895 -0.13500 -0.00000 1690 -70.000 -103.76530100000001 94.7979242
1697131964.3895895 -0.13500 -0.00000 1635 -70.000 -103.76530100000001 94.7979242
1697131975.6505733 -0.14000 0.00000 5699 -50.000 -57.6473884 94.7979242
1697131975.6505733 -0.14000 0.00000 5585 -50.000 -57.6473884 94.7979242
1697131975.6505733 -0.14000 0.00000 5399 -50.000 -57.6473884 94.7979242
1697131975.6505733 -0.14000 0.00000 5506 -50.000 -57.6473884 94.7979242
1697131975.6505733 -0.14000 0.00000 5757 -50.000 -57.6473884 94.7979242
1697131986.3203046 -0.14000 0.00000 4228 -60.000 -57.6473884 94.7979242
1697131986.3203046 -0.14000 0.00000 4200 -60.000 -57.6473884 94.7979242
1697131986.3203046 -0.14000 0.00000 4147 -60.000 -57.6473884 94.7979242
1697131986.3203046 -0.14000 0.00000 4150 -60.000 -57.6473884 94.7979242
1697131986.3203046 -0.14000 0.00000 4090 -60.000 -57.6473884 94.7979242
1697131996.3373284 -0.14000 0.00000 2166 -70.000 -57.6473884 94.7979242
1697131996.3373284 -0.14000 0.00000 2131 -70.000 -57.6473884 94.7979242
1697131996.3373284 -0.14000 0.00000 2179 -70.000 -57.6473884 94.7979242
1697131996.3373284 -0.14000 0.00000 2174 -70.000 -57.6473884 94.7979242
1697131996.3373284 -0.14000 0.00000 2134 -70.000 -57.6473884 94.7979242
1697132007.7225423 -0.14500 0.00000 5932 -50.000 -108.889513 94.7979242
1697132007.7225423 -0.14500 0.00000 5914 -50.000 -108.889513 94.7979242
1697132007.7225423 -0.14500 0.00000 5845 -50.000 -108.889513 94.7979242
1697132007.7225423 -0.14500 0.00000 5850 -50.000 -108.889513 94.7979242
1697132007.7225423 -0.14500 0.00000 6012 -50.000 -108.889513 94.7979242
1697132018.4030428 -0.14500 0.00000 4759 -60.000 -108.889513 94.7979242
1697132018.4030428 -0.14500 0.00000 4694 -60.000 -108.889513 94.7979242
1697132018.4030428 -0.14500 0.00000 4754 -60.000 -108.889513 94.7979242
1697132018.4030428 -0.14500 0.00000 4642 -60.000 -108.889513 94.7979242
1697132018.4030428 -0.14500 0.00000 4762 -60.000 -108.889513 94.7979242
1697132028.3079283 -0.14500 0.00000 2714 -70.000 -108.889513 94.7979242
1697132028.3079283 -0.14500 0.00000 2757 -70.000 -108.889513 94.7979242
1697132028.3079283 -0.14500 0.00000 2692 -70.000 -108.889513 94.7979242
1697132028.3079283 -0.14500 0.00000 2635 -70.000 -108.889513 94.7979242
1697132028.3079283 -0.14500 0.00000 2700 -70.000 -108.889513 94.7979242
1697132039.6940134 -0.15000 0.00000 6087 -50.000 -88.39265999999999 89.6737128
1697132039.6940134 -0.15000 0.00000 6021 -50.000 -88.39265999999999 89.6737128
1697132039.6940134 -0.15000 0.00000 6193 -50.000 -88.39265999999999 89.6737128
1697132039.6940134 -0.15000 0.00000 6188 -50.000 -88.39265999999999 89.6737128
1697132039.6940134 -0.15000 0.00000 5975 -50.000 -88.39265999999999 89.6737128
1697132050.3636682 -0.15000 0.00000 5265 -60.000 -88.39265999999999 89.6737128
1697132050.3636682 -0.15000 0.00000 5166 -60.000 -88.39265999999999 89.6737128
1697132050.3636682 -0.15000 0.00000 5102 -60.000 -88.39265999999999 89.6737128
1697132050.3636682 -0.15000 0.00000 5178 -60.000 -88.39265999999999 89.6737128
1697132050.3636682 -0.15000 0.00000 5164 -60.000 -88.39265999999999 89.6737128
1697132060.3923075 -0.15000 0.00000 3284 -70.000 -88.39265999999999 89.6737128
1697132060.3923075 -0.15000 0.00000 3289 -70.000 -88.39265999999999 89.6737128
1697132060.3923075 -0.15000 0.00000 3409 -70.000 -88.39265999999999 89.6737128
1697132060.3923075 -0.15000 0.00000 3336 -70.000 -88.39265999999999 89.6737128
1697132060.3923075 -0.15000 0.00000 3311 -70.000 -88.39265999999999 89.6737128
1697132071.6642635 -0.15500 0.00000 6338 -50.000 -57.6473884 89.6737128
1697132071.6642635 -0.15500 0.00000 6380 -50.000 -57.6473884 89.6737128
1697132071.6642635 -0.15500 0.00000 6340 -50.000 -57.6473884 89.6737128
1697132071.6642635 -0.15500 0.00000 6271 -50.000 -57.6473884 89.6737128
1697132071.6642635 -0.15500 0.00000 6355 -50.000 -57.6473884 89.6737128
1697132082.3451786 -0.15500 0.00000 5588 -60.000 -57.6473884 89.6737128
1697132082.3451786 -0.15500 0.00000 5625 -60.000 -57.6473884 89.6737128
1697132082.3451786 -0.15500 0.00000 5533 -60.000 -57.6473884 89.6737128
1697132082.3451786 -0.15500 0.00000 5607 -60.000 -57.6473884 89.6737128
1697132082.3451786 -0.15500 0.00000 5692 -60.000 -57.6473884 89.6737128
1697132092.350996 -0.15500 0.00000 3809 -70.000 -57.6473884 89.6737128
1697132092.350996 -0.15500 0.00000 3866 -70.000 -57.6473884 89.6737128
1697132092.350996 -0.15500 0.00000 3832 -70.000 -57.6473884 89.6737128
1697132092.350996 -0.15500 0.00000 3833 -70.000 -57.6473884 89.6737128
1697132092.350996 -0.15500 0.00000 3878 -70.000 -57.6473884 89.6737128
1697132103.6353607 -0.16000 0.00000 6495 -50.000 -47.3989621 89.6737128
1697132103.6353607 -0.16000 0.00000 6427 -50.000 -47.3989621 89.6737128
1697132103.6353607 -0.16000 0.00000 6584 -50.000 -47.3989621 89.6737128
1697132103.6353607 -0.16000 0.00000 6529 -50.000 -47.3989621 89.6737128
1697132103.6353607 -0.16000 0.00000 6471 -50.000 -47.3989621 89.6737128
1697132114.3049245 -0.16000 0.00000 5784 -60.000 -47.3989621 89.6737128
1697132114.3049245 -0.16000 0.00000 5890 -60.000 -47.3989621 89.6737128
1697132114.3049245 -0.16000 0.00000 5883 -60.000 -47.3989621 89.6737128
1697132114.3049245 -0.16000 0.00000 5925 -60.000 -47.3989621 89.6737128
1697132114.3049245 -0.16000 0.00000 5930 -60.000 -47.3989621 89.6737128
1697132124.3228126 -0.16000 0.00000 4438 -70.000 -47.3989621 89.6737128
1697132124.3228126 -0.16000 0.00000 4417 -70.000 -47.3989621 89.6737128
1697132124.3228126 -0.16000 0.00000 4424 -70.000 -47.3989621 89.6737128
1697132124.3228126 -0.16000 0.00000 4469 -70.000 -47.3989621 89.6737128
1697132124.3228126 -0.16000 0.00000 4524 -70.000 -47.3989621 89.6737128
1697132135.7083912 -0.16500 -0.00000 6740 -50.000 -124.262147 99.92213919999999
1697132135.7083912 -0.16500 -0.00000 6679 -50.000 -124.262147 99.92213919999999
1697132135.7083912 -0.16500 -0.00000 6634 -50.000 -124.262147 99.92213919999999
1697132135.7083912 -0.16500 -0.00000 6493 -50.000 -124.262147 99.92213919999999
1697132135.7083912 -0.16500 -0.00000 6499 -50.000 -124.262147 99.92213919999999
1697132146.275935 -0.16500 -0.00000 6129 -60.000 -124.262147 99.92213919999999
1697132146.275935 -0.16500 -0.00000 6111 -60.000 -124.262147 99.92213919999999
1697132146.275935 -0.16500 -0.00000 6148 -60.000 -124.262147 99.92213919999999
1697132146.275935 -0.16500 -0.00000 6225 -60.000 -124.262147 99.92213919999999
1697132146.275935 -0.16500 -0.00000 6154 -60.000 -124.262147 99.92213919999999
1697132156.4176393 -0.16500 -0.00000 4937 -70.000 -124.262147 99.92213919999999
1697132156.4176393 -0.16500 -0.00000 4911 -70.000 -124.262147 99.92213919999999
1697132156.4176393 -0.16500 -0.00000 5005 -70.000 -124.262147 99.92213919999999
1697132156.4176393 -0.16500 -0.00000 5080 -70.000 -124.262147 99.92213919999999
1697132156.4176393 -0.16500 -0.00000 4904 -70.000 -124.262147 99.92213919999999
1697132167.6787968 -0.17000 0.00000 6705 -50.000 -78.1442374 89.6737128
1697132167.6787968 -0.17000 0.00000 6642 -50.000 -78.1442374 89.6737128
1697132167.6787968 -0.17000 0.00000 6727 -50.000 -78.1442374 89.6737128
1697132167.6787968 -0.17000 0.00000 6634 -50.000 -78.1442374 89.6737128
1697132167.6787968 -0.17000 0.00000 6662 -50.000 -78.1442374 89.6737128
1697132178.3484623 -0.17000 0.00000 6482 -60.000 -78.1442374 89.6737128
1697132178.3484623 -0.17000 0.00000 6308 -60.000 -78.1442374 89.6737128
1697132178.3484623 -0.17000 0.00000 6393 -60.000 -78.1442374 89.6737128
1697132178.3484623 -0.17000 0.00000 6388 -60.000 -78.1442374 89.6737128
1697132178.3484623 -0.17000 0.00000 6446 -60.000 -78.1442374 89.6737128
1697132188.3767405 -0.17000 0.00000 5499 -70.000 -78.1442374 89.6737128
1697132188.3767405 -0.17000 0.00000 5412 -70.000 -78.1442374 89.6737128
1697132188.3767405 -0.17000 0.00000 5429 -70.000 -78.1442374 89.6737128
1697132188.3767405 -0.17000 0.00000 5591 -70.000 -78.1442374 89.6737128
1697132188.3767405 -0.17000 0.00000 5392 -70.000 -78.1442374 89.6737128
1697132199.6489801 -0.17500 0.00000 6804 -50.000 -52.5231771 99.92213919999999
1697132199.6489801 -0.17500 0.00000 6728 -50.000 -52.5231771 99.92213919999999
1697132199.6489801 -0.17500 0.00000 6607 -50.000 -52.5231771 99.92213919999999
1697132199.6489801 -0.17500 0.00000 6623 -50.000 -52.5231771 99.92213919999999
1697132199.6489801 -0.17500 0.00000 6825 -50.000 -52.5231771 99.92213919999999
1697132210.3184638 -0.17500 0.00000 6598 -60.000 -52.5231771 99.92213919999999
1697132210.3184638 -0.17500 0.00000 6540 -60.000 -52.5231771 99.92213919999999
1697132210.3184638 -0.17500 0.00000 6628 -60.000 -52.5231771 99.92213919999999
1697132210.3184638 -0.17500 0.00000 6610 -60.000 -52.5231771 99.92213919999999
1697132210.3184638 -0.17500 0.00000 6559 -60.000 -52.5231771 99.92213919999999
1697132220.3354998 -0.17500 0.00000 5988 -70.000 -52.5231771 99.92213919999999
1697132220.3354998 -0.17500 0.00000 5849 -70.000 -52.5231771 99.92213919999999
1697132220.3354998 -0.17500 0.00000 5783 -70.000 -52.5231771 99.92213919999999
1697132220.3354998 -0.17500 0.00000 5765 -70.000 -52.5231771 99.92213919999999
1697132220.3354998 -0.17500 0.00000 5839 -70.000 -52.5231771 99.92213919999999
1697132231.721919 -0.18000 0.00000 6856 -50.000 -78.1442374 99.92213919999999
1697132231.721919 -0.18000 0.00000 6777 -50.000 -78.1442374 99.92213919999999
1697132231.721919 -0.18000 0.00000 6848 -50.000 -78.1442374 99.92213919999999
1697132231.721919 -0.18000 0.00000 6770 -50.000 -78.1442374 99.92213919999999
1697132231.721919 -0.18000 0.00000 6889 -50.000 -78.1442374 99.92213919999999
1697132242.4019625 -0.18000 0.00000 6750 -60.000 -78.1442374 99.92213919999999
1697132242.4019625 -0.18000 0.00000 6733 -60.000 -78.1442374 99.92213919999999
1697132242.4019625 -0.18000 0.00000 6635 -60.000 -78.1442374 99.92213919999999
1697132242.4019625 -0.18000 0.00000 6621 -60.000 -78.1442374 99.92213919999999
1697132242.4019625 -0.18000 0.00000 6849 -60.000 -78.1442374 99.92213919999999
1697132252.3061583 -0.18000 0.00000 6173 -70.000 -78.1442374 99.92213919999999
1697132252.3061583 -0.18000 0.00000 6182 -70.000 -78.1442374 99.92213919999999
1697132252.3061583 -0.18000 0.00000 6126 -70.000 -78.1442374 99.92213919999999
1697132252.3061583 -0.18000 0.00000 6196 -70.000 -78.1442374 99.92213919999999
1697132252.3061583 -0.18000 0.00000 6140 -70.000 -78.1442374 99.92213919999999
1697132263.6926374 -0.18500 -0.00000 6974 -50.000 -119.137935 89.6737128
1697132263.6926374 -0.18500 -0.00000 6886 -50.000 -119.137935 89.6737128
1697132263.6926374 -0.18500 -0.00000 6827 -50.000 -119.137935 89.6737128
1697132263.6926374 -0.18500 -0.00000 6811 -50.000 -119.137935 89.6737128
1697132263.6926374 -0.18500 -0.00000 6786 -50.000 -119.137935 89.6737128
1697132274.3750536 -0.18500 -0.00000 6698 -60.000 -119.137935 89.6737128
1697132274.3750536 -0.18500 -0.00000 6663 -60.000 -119.137935 89.6737128
1697132274.3750536 -0.18500 -0.00000 6821 -60.000 -119.137935 89.6737128
1697132274.3750536 -0.18500 -0.00000 6847 -60.000 -119.137935 89.6737128
1697132274.3750536 -0.18500 -0.00000 6802 -60.000 -119.137935 89.6737128
1697132284.3780856 -0.18500 -0.00000 6447 -70.000 -119.137935 89.6737128
1697132284.3780856 -0.18500 -0.00000 6473 -70.000 -119.137935 89.6737128
1697132284.3780856 -0.18500 -0.00000 6440 -70.000 -119.137935 89.6737128
1697132284.3780856 -0.18500 -0.00000 6351 -70.000 -119.137935 89.6737128
1697132284.3780856 -0.18500 -0.00000 6470 -70.000 -119.137935 89.6737128
1697132295.663119 -0.19000 0.00000 6985 -50.000 -57.6473884 89.6737128
1697132295.663119 -0.19000 0.00000 6971 -50.000 -57.6473884 89.6737128
1697132295.663119 -0.19000 0.00000 6982 -50.000 -57.6473884 89.6737128
1697132295.663119 -0.19000 0.00000 6989 -50.000 -57.6473884 89.6737128
1697132295.663119 -0.19000 0.00000 7081 -50.000 -57.6473884 89.6737128
1697132306.3457096 -0.19000 0.00000 6946 -60.000 -57.6473884 89.6737128
1697132306.3457096 -0.19000 0.00000 6927 -60.000 -57.6473884 89.6737128
1697132306.3457096 -0.19000 0.00000 6878 -60.000 -57.6473884 89.6737128
1697132306.3457096 -0.19000 0.00000 6825 -60.000 -57.6473884 89.6737128
1697132306.3457096 -0.19000 0.00000 6883 -60.000 -57.6473884 89.6737128
1697132316.3611398 -0.19000 0.00000 6586 -70.000 -57.6473884 89.6737128
1697132316.3611398 -0.19000 0.00000 6662 -70.000 -57.6473884 89.6737128
1697132316.3611398 -0.19000 0.00000 6442 -70.000 -57.6473884 89.6737128
1697132316.3611398 -0.19000 0.00000 6530 -70.000 -57.6473884 89.6737128
1697132316.3611398 -0.19000 0.00000 6767 -70.000 -57.6473884 89.6737128
1697132327.63401 -0.19500 0.00000 6927 -50.000 -57.6473884 89.6737128
1697132327.63401 -0.19500 0.00000 7040 -50.000 -57.6473884 89.6737128
1697132327.63401 -0.19500 0.00000 6837 -50.000 -57.6473884 89.6737128
1697132327.63401 -0.19500 0.00000 7160 -50.000 -57.6473884 89.6737128
1697132327.63401 -0.19500 0.00000 7133 -50.000 -57.6473884 89.6737128
1697132338.3036804 -0.19500 0.00000 6887 -60.000 -57.6473884 89.6737128
1697132338.3036804 -0.19500 0.00000 7037 -60.000 -57.6473884 89.6737128
1697132338.3036804 -0.19500 0.00000 7086 -60.000 -57.6473884 89.6737128
1697132338.3036804 -0.19500 0.00000 7026 -60.000 -57.6473884 89.6737128
1697132338.3036804 -0.19500 0.00000 6882 -60.000 -57.6473884 89.6737128
1697132348.320081 -0.19500 0.00000 6823 -70.000 -57.6473884 89.6737128
1697132348.320081 -0.19500 0.00000 6887 -70.000 -57.6473884 89.6737128
1697132348.320081 -0.19500 0.00000 6746 -70.000 -57.6473884 89.6737128
1697132348.320081 -0.19500 0.00000 6707 -70.000 -57.6473884 89.6737128
1697132348.320081 -0.19500 0.00000 6767 -70.000 -57.6473884 89.6737128
1697132359.7059872 -0.20000 0.00000 7168 -50.000 -139.63478800000001 130.66741100000002
1697132359.7059872 -0.20000 0.00000 6912 -50.000 -139.63478800000001 130.66741100000002
1697132359.7059872 -0.20000 0.00000 6987 -50.000 -139.63478800000001 130.66741100000002
1697132359.7059872 -0.20000 0.00000 7011 -50.000 -139.63478800000001 130.66741100000002
1697132359.7059872 -0.20000 0.00000 6807 -50.000 -139.63478800000001 130.66741100000002
1697132370.388376 -0.20000 0.00000 7102 -60.000 -139.63478800000001 130.66741100000002
1697132370.388376 -0.20000 0.00000 7064 -60.000 -139.63478800000001 130.66741100000002
1697132370.388376 -0.20000 0.00000 6932 -60.000 -139.63478800000001 130.66741100000002
1697132370.388376 -0.20000 0.00000 6992 -60.000 -139.63478800000001 130.66741100000002
1697132370.388376 -0.20000 0.00000 6885 -60.000 -139.63478800000001 130.66741100000002
1697132380.3939092 -0.20000 0.00000 6827 -70.000 -139.63478800000001 130.66741100000002
1697132380.3939092 -0.20000 0.00000 6949 -70.000 -139.63478800000001 130.66741100000002
1697132380.3939092 -0.20000 0.00000 6874 -70.000 -139.63478800000001 130.66741100000002
1697132380.3939092 -0.20000 0.00000 6868 -70.000 -139.63478800000001 130.66741100000002
1697132380.3939092 -0.20000 0.00000 6877 -70.000 -139.63478800000001 130.66741100000002
1697132391.5835438 -0.20500 0.00000 7139 -50.000 -47.3989621 94.79792789999999
1697132391.5835438 -0.20500 0.00000 7154 -50.000 -47.3989621 94.79792789999999
1697132391.5835438 -0.20500 0.00000 7048 -50.000 -47.3989621 94.79792789999999
1697132391.5835438 -0.20500 0.00000 7180 -50.000 -47.3989621 94.79792789999999
1697132391.5835438 -0.20500 0.00000 7127 -50.000 -47.3989621 94.79792789999999
1697132402.361624 -0.20500 0.00000 7039 -60.000 -47.3989621 94.79792789999999
1697132402.361624 -0.20500 0.00000 7066 -60.000 -47.3989621 94.79792789999999
1697132402.361624 -0.20500 0.00000 7078 -60.000 -47.3989621 94.79792789999999
1697132402.361624 -0.20500 0.00000 7076 -60.000 -47.3989621 94.79792789999999
1697132402.361624 -0.20500 0.00000 6997 -60.000 -47.3989621 94.79792789999999
1697132412.3642366 -0.20500 0.00000 7028 -70.000 -47.3989621 94.79792789999999
1697132412.3642366 -0.20500 0.00000 6994 -70.000 -47.3989621 94.79792789999999
1697132412.3642366 -0.20500 0.00000 6972 -70.000 -47.3989621 94.79792789999999
1697132412.3642366 -0.20500 0.00000 6878 -70.000 -47.3989621 94.79792789999999
1697132412.3642366 -0.20500 0.00000 6991 -70.000 -47.3989621 94.79792789999999
1697132423.7485821 -0.21000 0.00000 7246 -50.000 -139.63478800000001 99.92213919999999
1697132423.7485821 -0.21000 0.00000 7271 -50.000 -139.63478800000001 99.92213919999999
1697132423.7485821 -0.21000 0.00000 7269 -50.000 -139.63478800000001 99.92213919999999
1697132423.7485821 -0.21000 0.00000 7114 -50.000 -139.63478800000001 99.92213919999999
1697132423.7485821 -0.21000 0.00000 7211 -50.000 -139.63478800000001 99.92213919999999
1697132434.3279133 -0.21000 0.00000 7200 -60.000 -139.63478800000001 99.92213919999999
1697132434.3279133 -0.21000 0.00000 7038 -60.000 -139.63478800000001 99.92213919999999
1697132434.3279133 -0.21000 0.00000 7130 -60.000 -139.63478800000001 99.92213919999999
1697132434.3279133 -0.21000 0.00000 7155 -60.000 -139.63478800000001 99.92213919999999
1697132434.3279133 -0.21000 0.00000 7127 -60.000 -139.63478800000001 99.92213919999999
1697132444.333521 -0.21000 0.00000 7051 -70.000 -139.63478800000001 99.92213919999999
1697132444.333521 -0.21000 0.00000 7167 -70.000 -139.63478800000001 99.92213919999999
1697132444.333521 -0.21000 0.00000 7115 -70.000 -139.63478800000001 99.92213919999999
1697132444.333521 -0.21000 0.00000 7074 -70.000 -139.63478800000001 99.92213919999999
1697132444.333521 -0.21000 0.00000 7106 -70.000 -139.63478800000001 99.92213919999999
1697132455.7193294 -0.21500 0.00000 7185 -50.000 -149.883211 125.54319899999999
1697132455.7193294 -0.21500 0.00000 7329 -50.000 -149.883211 125.54319899999999
1697132455.7193294 -0.21500 0.00000 7366 -50.000 -149.883211 125.54319899999999
1697132455.7193294 -0.21500 0.00000 7166 -50.000 -149.883211 125.54319899999999
1697132455.7193294 -0.21500 0.00000 7270 -50.000 -149.883211 125.54319899999999
1697132466.3999658 -0.21500 0.00000 7035 -60.000 -149.883211 125.54319899999999
1697132466.3999658 -0.21500 0.00000 7284 -60.000 -149.883211 125.54319899999999
1697132466.3999658 -0.21500 0.00000 7018 -60.000 -149.883211 125.54319899999999
1697132466.3999658 -0.21500 0.00000 7164 -60.000 -149.883211 125.54319899999999
1697132466.3999658 -0.21500 0.00000 7245 -60.000 -149.883211 125.54319899999999
1697132476.3024848 -0.21500 0.00000 7175 -70.000 -149.883211 125.54319899999999
1697132476.3024848 -0.21500 0.00000 7083 -70.000 -149.883211 125.54319899999999
1697132476.3024848 -0.21500 0.00000 7098 -70.000 -149.883211 125.54319899999999
1697132476.3024848 -0.21500 0.00000 7196 -70.000 -149.883211 125.54319899999999
1697132476.3024848 -0.21500 0.00000 7182 -70.000 -149.883211 125.54319899999999
1697132487.6950202 -0.22000 -0.00000 7316 -50.000 -57.6473884 140.915833
1697132487.6950202 -0.22000 -0.00000 7267 -50.000 -57.6473884 140.915833
1697132487.6950202 -0.22000 -0.00000 7388 -50.000 -57.6473884 140.915833
1697132487.6950202 -0.22000 -0.00000 7300 -50.000 -57.6473884 140.915833
1697132487.6950202 -0.22000 -0.00000 7337 -50.000 -57.6473884 140.915833
1697132498.3691552 -0.22000 -0.00000 7198 -60.000 -57.6473884 140.915833
1697132498.3691552 -0.22000 -0.00000 7173 -60.000 -57.6473884 140.915833
1697132498.3691552 -0.22000 -0.00000 7282 -60.000 -57.6473884 140.915833
1697132498.3691552 -0.22000 -0.00000 7229 -60.000 -57.6473884 140.915833
1697132498.3691552 -0.22000 -0.00000 7122 -60.000 -57.6473884 140.915833
1697132508.3769155 -0.22000 -0.00000 7152 -70.000 -57.6473884 140.915833
1697132508.3769155 -0.22000 -0.00000 6937 -70.000 -57.6473884 140.915833
1697132508.3769155 -0.22000 -0.00000 7122 -70.000 -57.6473884 140.915833
1697132508.3769155 -0.22000 -0.00000 7100 -70.000 -57.6473884 140.915833
1697132508.3769155 -0.22000 -0.00000 7062 -70.000 -57.6473884 140.915833
1697132519.6575158 -0.22500 -0.00000 7276 -50.000 -149.883211 135.791622
1697132519.6575158 -0.22500 -0.00000 7267 -50.000 -149.883211 135.791622
1697132519.6575158 -0.22500 -0.00000 7304 -50.000 -149.883211 135.791622
1697132519.6575158 -0.22500 -0.00000 7326 -50.000 -149.883211 135.791622
1697132519.6575158 -0.22500 -0.00000 7357 -50.000 -149.883211 135.791622
1697132530.3373394 -0.22500 -0.00000 7298 -60.000 -149.883211 135.791622
1697132530.3373394 -0.22500 -0.00000 7297 -60.000 -149.883211 135.791622
1697132530.3373394 -0.22500 -0.00000 7291 -60.000 -149.883211 135.791622
1697132530.3373394 -0.22500 -0.00000 7373 -60.000 -149.883211 135.791622
1697132530.3373394 -0.22500 -0.00000 7076 -60.000 -149.883211 135.791622
1697132540.354152 -0.22500 -0.00000 7191 -70.000 -149.883211 135.791622
1697132540.354152 -0.22500 -0.00000 7231 -70.000 -149.883211 135.791622
1697132540.354152 -0.22500 -0.00000 7179 -70.000 -149.883211 135.791622
1697132540.354152 -0.22500 -0.00000 7258 -70.000 -149.883211 135.791622
1697132540.354152 -0.22500 -0.00000 7192 -70.000 -149.883211 135.791622
1697132551.6277988 -0.23000 0.00000 7390 -50.000 -57.6473884 110.170566
1697132551.6277988 -0.23000 0.00000 7468 -50.000 -57.6473884 110.170566
1697132551.6277988 -0.23000 0.00000 7396 -50.000 -57.6473884 110.170566
1697132551.6277988 -0.23000 0.00000 7451 -50.000 -57.6473884 110.170566
1697132551.6277988 -0.23000 0.00000 7377 -50.000 -57.6473884 110.170566
1697132562.2971845 -0.23000 0.00000 7291 -60.000 -57.6473884 110.170566
1697132562.2971845 -0.23000 0.00000 7258 -60.000 -57.6473884 110.170566
1697132562.2971845 -0.23000 0.00000 7251 -60.000 -57.6473884 110.170566
1697132562.2971845 -0.23000 0.00000 7241 -60.000 -57.6473884 110.170566
1697132562.2971845 -0.23000 0.00000 7297 -60.000 -57.6473884 110.170566
1697132572.3696337 -0.23000 0.00000 7093 -70.000 -57.6473884 110.170566
1697132572.3696337 -0.23000 0.00000 7347 -70.000 -57.6473884 110.170566
1697132572.3696337 -0.23000 0.00000 7220 -70.000 -57.6473884 110.170566
1697132572.3696337 -0.23000 0.00000 7121 -70.000 -57.6473884 110.170566
1697132572.3696337 -0.23000 0.00000 7137 -70.000 -57.6473884 110.170566
1697132583.7001565 -0.23500 0.00000 7345 -50.000 -129.386365 110.170566
1697132583.7001565 -0.23500 0.00000 7405 -50.000 -129.386365 110.170566
1697132583.7001565 -0.23500 0.00000 7509 -50.000 -129.386365 110.170566
1697132583.7001565 -0.23500 0.00000 7292 -50.000 -129.386365 110.170566
1697132583.7001565 -0.23500 0.00000 7428 -50.000 -129.386365 110.170566
1697132594.379713 -0.23500 0.00000 7192 -60.000 -129.386365 110.170566
1697132594.379713 -0.23500 0.00000 7324 -60.000 -129.386365 110.170566
1697132594.379713 -0.23500 0.00000 7257 -60.000 -129.386365 110.170566
1697132594.379713 -0.23500 0.00000 7352 -60.000 -129.386365 110.170566
1697132594.379713 -0.23500 0.00000 7079 -60.000 -129.386365 110.170566
1697132604.405052 -0.23500 0.00000 7220 -70.000 -129.386365 110.170566
1697132604.405052 -0.23500 0.00000 7362 -70.000 -129.386365 110.170566
1697132604.405052 -0.23500 0.00000 7272 -70.000 -129.386365 110.170566
1697132604.405052 -0.23500 0.00000 7229 -70.000 -129.386365 110.170566
1697132604.405052 -0.23500 0.00000 7248 -70.000 -129.386365 110.170566
1697132615.6700974 -0.24000 0.00000 7512 -50.000 -149.883211 146.04004500000002
1697132615.6700974 -0.24000 0.00000 7394 -50.000 -149.883211 146.04004500000002
1697132615.6700974 -0.24000 0.00000 7516 -50.000 -149.883211 146.04004500000002
1697132615.6700974 -0.24000 0.00000 7567 -50.000 -149.883211 146.04004500000002
1697132615.6700974 -0.24000 0.00000 7553 -50.000 -149.883211 146.04004500000002
1697132626.3515193 -0.24000 0.00000 7348 -60.000 -149.883211 146.04004500000002
1697132626.3515193 -0.24000 0.00000 7329 -60.000 -149.883211 146.04004500000002
1697132626.3515193 -0.24000 0.00000 7411 -60.000 -149.883211 146.04004500000002
1697132626.3515193 -0.24000 0.00000 7287 -60.000 -149.883211 146.04004500000002
1697132626.3515193 -0.24000 0.00000 7255 -60.000 -149.883211 146.04004500000002
1697132636.3668764 -0.24000 0.00000 7393 -70.000 -149.883211 146.04004500000002
1697132636.3668764 -0.24000 0.00000 7259 -70.000 -149.883211 146.04004500000002
1697132636.3668764 -0.24000 0.00000 7204 -70.000 -149.883211 146.04004500000002
1697132636.3668764 -0.24000 0.00000 7402 -70.000 -149.883211 146.04004500000002
1697132636.3668764 -0.24000 0.00000 7233 -70.000 -149.883211 146.04004500000002
1697132647.6403027 -0.24500 0.00000 7694 -50.000 -144.758999 171.661116
1697132647.6403027 -0.24500 0.00000 7638 -50.000 -144.758999 171.661116
1697132647.6403027 -0.24500 0.00000 7497 -50.000 -144.758999 171.661116
1697132647.6403027 -0.24500 0.00000 7494 -50.000 -144.758999 171.661116
1697132647.6403027 -0.24500 0.00000 7491 -50.000 -144.758999 171.661116
1697132658.3085866 -0.24500 0.00000 7325 -60.000 -144.758999 171.661116
1697132658.3085866 -0.24500 0.00000 7305 -60.000 -144.758999 171.661116
1697132658.3085866 -0.24500 0.00000 7398 -60.000 -144.758999 171.661116
1697132658.3085866 -0.24500 0.00000 7556 -60.000 -144.758999 171.661116
1697132658.3085866 -0.24500 0.00000 7240 -60.000 -144.758999 171.661116
1697132668.324427 -0.24500 0.00000 7437 -70.000 -144.758999 171.661116
1697132668.324427 -0.24500 0.00000 7293 -70.000 -144.758999 171.661116
1697132668.324427 -0.24500 0.00000 7300 -70.000 -144.758999 171.661116
1697132668.324427 -0.24500 0.00000 7185 -70.000 -144.758999 171.661116
1697132668.324427 -0.24500 0.00000 7352 -70.000 -144.758999 171.661116
1697132679.6085062 -0.25000 0.00000 7623 -50.000 -78.1442374 181.909543
1697132679.6085062 -0.25000 0.00000 7562 -50.000 -78.1442374 181.909543
1697132679.6085062 -0.25000 0.00000 7659 -50.000 -78.1442374 181.909543
1697132679.6085062 -0.25000 0.00000 7548 -50.000 -78.1442374 181.909543
1697132679.6085062 -0.25000 0.00000 7656 -50.000 -78.1442374 181.909543
1697132690.312324 -0.25000 0.00000 7446 -60.000 -78.1442374 181.909543
1697132690.312324 -0.25000 0.00000 7375 -60.000 -78.1442374 181.909543
1697132690.312324 -0.25000 0.00000 7424 -60.000 -78.1442374 181.909543
1697132690.312324 -0.25000 0.00000 7363 -60.000 -78.1442374 181.909543
1697132690.312324 -0.25000 0.00000 7531 -60.000 -78.1442374 181.909543
1697132700.341579 -0.25000 0.00000 7338 -70.000 -78.1442374 181.909543
1697132700.341579 -0.25000 0.00000 7347 -70.000 -78.1442374 181.909543
1697132700.341579 -0.25000 0.00000 7234 -70.000 -78.1442374 181.909543
1697132700.341579 -0.25000 0.00000 7443 -70.000 -78.1442374 181.909543
1697132700.341579 -0.25000 0.00000 7526 -70.000 -78.1442374 181.909543
1697132711.6193054 -0.25500 0.00000 58357 -50.000 -160.131633 202.406384
1697132711.6193054 -0.25500 0.00000 60368 -50.000 -160.131633 202.406384
1697132711.6193054 -0.25500 0.00000 58815 -50.000 -160.131633 202.406384
1697132711.6193054 -0.25500 0.00000 58754 -50.000 -160.131633 202.406384
1697132711.6193054 -0.25500 0.00000 58243 -50.000 -160.131633 202.406384
1697132722.3950086 -0.25500 0.00000 12017 -60.000 -160.131633 202.406384
1697132722.3950086 -0.25500 0.00000 11966 -60.000 -160.131633 202.406384
1697132722.3950086 -0.25500 0.00000 12306 -60.000 -160.131633 202.406384
1697132722.3950086 -0.25500 0.00000 12050 -60.000 -160.131633 202.406384
1697132722.3950086 -0.25500 0.00000 12253 -60.000 -160.131633 202.406384
1697132732.2993262 -0.25500 0.00000 1838 -70.000 -160.131633 202.406384
1697132732.2993262 -0.25500 0.00000 2067 -70.000 -160.131633 202.406384
1697132732.2993262 -0.25500 0.00000 2073 -70.000 -160.131633 202.406384
1697132732.2993262 -0.25500 0.00000 2040 -70.000 -160.131633 202.406384
1697132732.2993262 -0.25500 0.00000 2113 -70.000 -160.131633 202.406384
1697132743.6840537 -0.26000 0.00000 45768 -50.000 -114.013724 146.04004500000002
1697132743.6840537 -0.26000 0.00000 43477 -50.000 -114.013724 146.04004500000002
1697132743.6840537 -0.26000 0.00000 42561 -50.000 -114.013724 146.04004500000002
1697132743.6840537 -0.26000 0.00000 42002 -50.000 -114.013724 146.04004500000002
1697132743.6840537 -0.26000 0.00000 42036 -50.000 -114.013724 146.04004500000002
1697132754.3538766 -0.26000 0.00000 6971 -60.000 -114.013724 146.04004500000002
1697132754.3538766 -0.26000 0.00000 7546 -60.000 -114.013724 146.04004500000002
1697132754.3538766 -0.26000 0.00000 7404 -60.000 -114.013724 146.04004500000002
1697132754.3538766 -0.26000 0.00000 8047 -60.000 -114.013724 146.04004500000002
1697132754.3538766 -0.26000 0.00000 7344 -60.000 -114.013724 146.04004500000002
1697132764.723345 -0.26000 0.00000 1090 -70.000 -114.013724 146.04004500000002
1697132764.723345 -0.26000 0.00000 1048 -70.000 -114.013724 146.04004500000002
1697132764.723345 -0.26000 0.00000 1072 -70.000 -114.013724 146.04004500000002
1697132764.723345 -0.26000 0.00000 1250 -70.000 -114.013724 146.04004500000002
1697132764.723345 -0.26000 0.00000 1361 -70.000 -114.013724 146.04004500000002
1697132776.6643715 -0.26500 0.00000 33385 -50.000 -98.6410826 151.16425999999998
1697132776.6643715 -0.26500 0.00000 34390 -50.000 -98.6410826 151.16425999999998
1697132776.6643715 -0.26500 0.00000 30526 -50.000 -98.6410826 151.16425999999998
1697132776.6643715 -0.26500 0.00000 30424 -50.000 -98.6410826 151.16425999999998
1697132776.6643715 -0.26500 0.00000 31612 -50.000 -98.6410826 151.16425999999998
1697132787.3340414 -0.26500 0.00000 5076 -60.000 -98.6410826 151.16425999999998
1697132787.3340414 -0.26500 0.00000 4553 -60.000 -98.6410826 151.16425999999998
1697132787.3340414 -0.26500 0.00000 4842 -60.000 -98.6410826 151.16425999999998
1697132787.3340414 -0.26500 0.00000 4755 -60.000 -98.6410826 151.16425999999998
1697132787.3340414 -0.26500 0.00000 4423 -60.000 -98.6410826 151.16425999999998
1697132797.3517234 -0.26500 0.00000 620 -70.000 -98.6410826 151.16425999999998
1697132797.3517234 -0.26500 0.00000 482 -70.000 -98.6410826 151.16425999999998
1697132797.3517234 -0.26500 0.00000 655 -70.000 -98.6410826 151.16425999999998
1697132797.3517234 -0.26500 0.00000 666 -70.000 -98.6410826 151.16425999999998
1697132797.3517234 -0.26500 0.00000 626 -70.000 -98.6410826 151.16425999999998
1697132808.6354022 -0.27000 0.00000 21647 -50.000 -98.6410826 135.791622
1697132808.6354022 -0.27000 0.00000 23269 -50.000 -98.6410826 135.791622
1697132808.6354022 -0.27000 0.00000 22498 -50.000 -98.6410826 135.791622
1697132808.6354022 -0.27000 0.00000 22479 -50.000 -98.6410826 135.791622
1697132808.6354022 -0.27000 0.00000 20734 -50.000 -98.6410826 135.791622
1697132819.305479 -0.27000 0.00000 3183 -60.000 -98.6410826 135.791622
1697132819.305479 -0.27000 0.00000 2863 -60.000 -98.6410826 135.791622
1697132819.305479 -0.27000 0.00000 3021 -60.000 -98.6410826 135.791622
1697132819.305479 -0.27000 0.00000 2984 -60.000 -98.6410826 135.791622
1697132819.305479 -0.27000 0.00000 3082 -60.000 -98.6410826 135.791622
1697132829.3332508 -0.27000 0.00000 290 -70.000 -98.6410826 135.791622
1697132829.3332508 -0.27000 0.00000 365 -70.000 -98.6410826 135.791622
1697132829.3332508 -0.27000 0.00000 343 -70.000 -98.6410826 135.791622
1697132829.3332508 -0.27000 0.00000 368 -70.000 -98.6410826 135.791622
1697132829.3332508 -0.27000 0.00000 439 -70.000 -98.6410826 135.791622
1697132840.605629 -0.27500 0.00000 16400 -50.000 -88.39265999999999 130.667415
1697132840.605629 -0.27500 0.00000 14825 -50.000 -88.39265999999999 130.667415
1697132840.605629 -0.27500 0.00000 16032 -50.000 -88.39265999999999 130.667415
1697132840.605629 -0.27500 0.00000 13861 -50.000 -88.39265999999999 130.667415
1697132840.605629 -0.27500 0.00000 15925 -50.000 -88.39265999999999 130.667415
1697132851.402848 -0.27500 0.00000 1804 -60.000 -88.39265999999999 130.667415
1697132851.402848 -0.27500 0.00000 2062 -60.000 -88.39265999999999 130.667415
1697132851.402848 -0.27500 0.00000 1771 -60.000 -88.39265999999999 130.667415
1697132851.402848 -0.27500 0.00000 1860 -60.000 -88.39265999999999 130.667415
1697132851.402848 -0.27500 0.00000 1995 -60.000 -88.39265999999999 130.667415
1697132861.3986166 -0.27500 0.00000 201 -70.000 -88.39265999999999 130.667415
1697132861.3986166 -0.27500 0.00000 176 -70.000 -88.39265999999999 130.667415
1697132861.3986166 -0.27500 0.00000 214 -70.000 -88.39265999999999 130.667415
1697132861.3986166 -0.27500 0.00000 217 -70.000 -88.39265999999999 130.667415
1697132861.3986166 -0.27500 0.00000 144 -70.000 -88.39265999999999 130.667415
1697132872.5756867 -0.28000 -0.00000 10014 -50.000 -78.1442374 140.91583699999998
1697132872.5756867 -0.28000 -0.00000 10310 -50.000 -78.1442374 140.91583699999998
1697132872.5756867 -0.28000 -0.00000 11056 -50.000 -78.1442374 140.91583699999998
1697132872.5756867 -0.28000 -0.00000 10155 -50.000 -78.1442374 140.91583699999998
1697132872.5756867 -0.28000 -0.00000 10338 -50.000 -78.1442374 140.91583699999998
1697132883.358268 -0.28000 -0.00000 1285 -60.000 -78.1442374 140.91583699999998
1697132883.358268 -0.28000 -0.00000 1027 -60.000 -78.1442374 140.91583699999998
1697132883.358268 -0.28000 -0.00000 1122 -60.000 -78.1442374 140.91583699999998
1697132883.358268 -0.28000 -0.00000 925 -60.000 -78.1442374 140.91583699999998
1697132883.358268 -0.28000 -0.00000 1302 -60.000 -78.1442374 140.91583699999998
1697132893.2752619 -0.28000 -0.00000 106 -70.000 -78.1442374 140.91583699999998
1697132893.2752619 -0.28000 -0.00000 74 -70.000 -78.1442374 140.91583699999998
1697132893.2752619 -0.28000 -0.00000 133 -70.000 -78.1442374 140.91583699999998
1697132893.2752619 -0.28000 -0.00000 102 -70.000 -78.1442374 140.91583699999998
1697132893.2752619 -0.28000 -0.00000 121 -70.000 -78.1442374 140.91583699999998
