# This is data for a Photon Count Rate vs Bias curve
# Wafer : Device	Pa230518 : R9C10
# Bias Resistor : 1000000
# PCR measure comments: Si-WSi 220 nm short bridge
# Si-WSi 220 nm short bridge
# Counter setup: keysight53220A
# 	Trigger Threshhold: -60 mV
# 	Noise Rejection: False
# 	Gate integration: 0.15 s
# Pulsed OFF
# 
# Cols: unixtime-[s]	 Bias-[V]	 Sense_Voltage-[V]	 Counts-[#Photons]	 Threshold-[mV]	 Min Peak Voltage-[mV]	 Peak to Peak Voltage-[mV]
1697128969.711841 -0.00000 0.00000 6 -45.000 -47.3989621 94.7979242
1697128969.711841 -0.00000 0.00000 7 -45.000 -47.3989621 94.7979242
1697128969.711841 -0.00000 0.00000 3 -45.000 -47.3989621 94.7979242
1697128969.711841 -0.00000 0.00000 3 -45.000 -47.3989621 94.7979242
1697128969.711841 -0.00000 0.00000 6 -45.000 -47.3989621 94.7979242
1697128980.3922286 -0.00000 0.00000 0 -55.000 -47.3989621 94.7979242
1697128980.3922286 -0.00000 0.00000 0 -55.000 -47.3989621 94.7979242
1697128980.3922286 -0.00000 0.00000 0 -55.000 -47.3989621 94.7979242
1697128980.3922286 -0.00000 0.00000 0 -55.000 -47.3989621 94.7979242
1697128980.3922286 -0.00000 0.00000 0 -55.000 -47.3989621 94.7979242
1697128990.410337 -0.00000 0.00000 0 -65.000 -47.3989621 94.7979242
1697128990.410337 -0.00000 0.00000 0 -65.000 -47.3989621 94.7979242
1697128990.410337 -0.00000 0.00000 0 -65.000 -47.3989621 94.7979242
1697128990.410337 -0.00000 0.00000 0 -65.000 -47.3989621 94.7979242
1697128990.410337 -0.00000 0.00000 0 -65.000 -47.3989621 94.7979242
1697129001.6825907 -0.00500 -0.00005 5 -45.000 -47.3989621 89.6737128
1697129001.6825907 -0.00500 -0.00005 7 -45.000 -47.3989621 89.6737128
1697129001.6825907 -0.00500 -0.00005 3 -45.000 -47.3989621 89.6737128
1697129001.6825907 -0.00500 -0.00005 3 -45.000 -47.3989621 89.6737128
1697129001.6825907 -0.00500 -0.00005 8 -45.000 -47.3989621 89.6737128
1697129012.3522022 -0.00500 -0.00005 0 -55.000 -47.3989621 89.6737128
1697129012.3522022 -0.00500 -0.00005 0 -55.000 -47.3989621 89.6737128
1697129012.3522022 -0.00500 -0.00005 0 -55.000 -47.3989621 89.6737128
1697129012.3522022 -0.00500 -0.00005 0 -55.000 -47.3989621 89.6737128
1697129012.3522022 -0.00500 -0.00005 0 -55.000 -47.3989621 89.6737128
1697129022.3683374 -0.00500 -0.00005 0 -65.000 -47.3989621 89.6737128
1697129022.3683374 -0.00500 -0.00005 0 -65.000 -47.3989621 89.6737128
1697129022.3683374 -0.00500 -0.00005 0 -65.000 -47.3989621 89.6737128
1697129022.3683374 -0.00500 -0.00005 0 -65.000 -47.3989621 89.6737128
1697129022.3683374 -0.00500 -0.00005 0 -65.000 -47.3989621 89.6737128
1697129033.7529871 -0.01000 -0.00480 5 -45.000 -52.5231771 99.92213919999999
1697129033.7529871 -0.01000 -0.00480 4 -45.000 -52.5231771 99.92213919999999
1697129033.7529871 -0.01000 -0.00480 4 -45.000 -52.5231771 99.92213919999999
1697129033.7529871 -0.01000 -0.00480 4 -45.000 -52.5231771 99.92213919999999
1697129033.7529871 -0.01000 -0.00480 6 -45.000 -52.5231771 99.92213919999999
1697129044.422817 -0.01000 -0.00480 0 -55.000 -52.5231771 99.92213919999999
1697129044.422817 -0.01000 -0.00480 0 -55.000 -52.5231771 99.92213919999999
1697129044.422817 -0.01000 -0.00480 0 -55.000 -52.5231771 99.92213919999999
1697129044.422817 -0.01000 -0.00480 0 -55.000 -52.5231771 99.92213919999999
1697129044.422817 -0.01000 -0.00480 0 -55.000 -52.5231771 99.92213919999999
1697129054.3380992 -0.01000 -0.00480 0 -65.000 -52.5231771 99.92213919999999
1697129054.3380992 -0.01000 -0.00480 0 -65.000 -52.5231771 99.92213919999999
1697129054.3380992 -0.01000 -0.00480 0 -65.000 -52.5231771 99.92213919999999
1697129054.3380992 -0.01000 -0.00480 0 -65.000 -52.5231771 99.92213919999999
1697129054.3380992 -0.01000 -0.00480 0 -65.000 -52.5231771 99.92213919999999
1697129065.623415 -0.01500 -0.00000 8 -45.000 -47.3989621 99.92213919999999
1697129065.623415 -0.01500 -0.00000 4 -45.000 -47.3989621 99.92213919999999
1697129065.623415 -0.01500 -0.00000 4 -45.000 -47.3989621 99.92213919999999
1697129065.623415 -0.01500 -0.00000 6 -45.000 -47.3989621 99.92213919999999
1697129065.623415 -0.01500 -0.00000 6 -45.000 -47.3989621 99.92213919999999
1697129076.4188545 -0.01500 -0.00000 0 -55.000 -47.3989621 99.92213919999999
1697129076.4188545 -0.01500 -0.00000 0 -55.000 -47.3989621 99.92213919999999
1697129076.4188545 -0.01500 -0.00000 0 -55.000 -47.3989621 99.92213919999999
1697129076.4188545 -0.01500 -0.00000 0 -55.000 -47.3989621 99.92213919999999
1697129076.4188545 -0.01500 -0.00000 0 -55.000 -47.3989621 99.92213919999999
1697129086.415983 -0.01500 -0.00000 0 -65.000 -47.3989621 99.92213919999999
1697129086.415983 -0.01500 -0.00000 0 -65.000 -47.3989621 99.92213919999999
1697129086.415983 -0.01500 -0.00000 0 -65.000 -47.3989621 99.92213919999999
1697129086.415983 -0.01500 -0.00000 0 -65.000 -47.3989621 99.92213919999999
1697129086.415983 -0.01500 -0.00000 0 -65.000 -47.3989621 99.92213919999999
1697129097.5944765 -0.02000 0.00000 7 -45.000 -52.5231771 94.7979242
1697129097.5944765 -0.02000 0.00000 15 -45.000 -52.5231771 94.7979242
1697129097.5944765 -0.02000 0.00000 3 -45.000 -52.5231771 94.7979242
1697129097.5944765 -0.02000 0.00000 10 -45.000 -52.5231771 94.7979242
1697129097.5944765 -0.02000 0.00000 7 -45.000 -52.5231771 94.7979242
1697129108.364837 -0.02000 0.00000 0 -55.000 -52.5231771 94.7979242
1697129108.364837 -0.02000 0.00000 0 -55.000 -52.5231771 94.7979242
1697129108.364837 -0.02000 0.00000 0 -55.000 -52.5231771 94.7979242
1697129108.364837 -0.02000 0.00000 0 -55.000 -52.5231771 94.7979242
1697129108.364837 -0.02000 0.00000 0 -55.000 -52.5231771 94.7979242
1697129118.3945196 -0.02000 0.00000 0 -65.000 -52.5231771 94.7979242
1697129118.3945196 -0.02000 0.00000 0 -65.000 -52.5231771 94.7979242
1697129118.3945196 -0.02000 0.00000 0 -65.000 -52.5231771 94.7979242
1697129118.3945196 -0.02000 0.00000 0 -65.000 -52.5231771 94.7979242
1697129118.3945196 -0.02000 0.00000 0 -65.000 -52.5231771 94.7979242
1697129129.6653883 -0.02500 0.00000 4 -45.000 -52.5231771 94.79792789999999
1697129129.6653883 -0.02500 0.00000 10 -45.000 -52.5231771 94.79792789999999
1697129129.6653883 -0.02500 0.00000 8 -45.000 -52.5231771 94.79792789999999
1697129129.6653883 -0.02500 0.00000 5 -45.000 -52.5231771 94.79792789999999
1697129129.6653883 -0.02500 0.00000 9 -45.000 -52.5231771 94.79792789999999
1697129140.3905141 -0.02500 0.00000 0 -55.000 -52.5231771 94.79792789999999
1697129140.3905141 -0.02500 0.00000 0 -55.000 -52.5231771 94.79792789999999
1697129140.3905141 -0.02500 0.00000 0 -55.000 -52.5231771 94.79792789999999
1697129140.3905141 -0.02500 0.00000 0 -55.000 -52.5231771 94.79792789999999
1697129140.3905141 -0.02500 0.00000 0 -55.000 -52.5231771 94.79792789999999
1697129150.3516717 -0.02500 0.00000 0 -65.000 -52.5231771 94.79792789999999
1697129150.3516717 -0.02500 0.00000 0 -65.000 -52.5231771 94.79792789999999
1697129150.3516717 -0.02500 0.00000 0 -65.000 -52.5231771 94.79792789999999
1697129150.3516717 -0.02500 0.00000 0 -65.000 -52.5231771 94.79792789999999
1697129150.3516717 -0.02500 0.00000 0 -65.000 -52.5231771 94.79792789999999
1697129161.7471461 -0.03000 -0.00000 5 -45.000 -47.3989621 94.7979242
1697129161.7471461 -0.03000 -0.00000 8 -45.000 -47.3989621 94.7979242
1697129161.7471461 -0.03000 -0.00000 7 -45.000 -47.3989621 94.7979242
1697129161.7471461 -0.03000 -0.00000 8 -45.000 -47.3989621 94.7979242
1697129161.7471461 -0.03000 -0.00000 6 -45.000 -47.3989621 94.7979242
1697129172.4178941 -0.03000 -0.00000 0 -55.000 -47.3989621 94.7979242
1697129172.4178941 -0.03000 -0.00000 0 -55.000 -47.3989621 94.7979242
1697129172.4178941 -0.03000 -0.00000 0 -55.000 -47.3989621 94.7979242
1697129172.4178941 -0.03000 -0.00000 1 -55.000 -47.3989621 94.7979242
1697129172.4178941 -0.03000 -0.00000 0 -55.000 -47.3989621 94.7979242
1697129182.4231799 -0.03000 -0.00000 0 -65.000 -47.3989621 94.7979242
1697129182.4231799 -0.03000 -0.00000 0 -65.000 -47.3989621 94.7979242
1697129182.4231799 -0.03000 -0.00000 0 -65.000 -47.3989621 94.7979242
1697129182.4231799 -0.03000 -0.00000 0 -65.000 -47.3989621 94.7979242
1697129182.4231799 -0.03000 -0.00000 0 -65.000 -47.3989621 94.7979242
1697129193.707361 -0.03500 -0.00000 4 -45.000 -47.3989621 99.92213919999999
1697129193.707361 -0.03500 -0.00000 4 -45.000 -47.3989621 99.92213919999999
1697129193.707361 -0.03500 -0.00000 9 -45.000 -47.3989621 99.92213919999999
1697129193.707361 -0.03500 -0.00000 6 -45.000 -47.3989621 99.92213919999999
1697129193.707361 -0.03500 -0.00000 1 -45.000 -47.3989621 99.92213919999999
1697129204.3770201 -0.03500 -0.00000 0 -55.000 -47.3989621 99.92213919999999
1697129204.3770201 -0.03500 -0.00000 0 -55.000 -47.3989621 99.92213919999999
1697129204.3770201 -0.03500 -0.00000 0 -55.000 -47.3989621 99.92213919999999
1697129204.3770201 -0.03500 -0.00000 0 -55.000 -47.3989621 99.92213919999999
1697129204.3770201 -0.03500 -0.00000 0 -55.000 -47.3989621 99.92213919999999
1697129214.4052954 -0.03500 -0.00000 0 -65.000 -47.3989621 99.92213919999999
1697129214.4052954 -0.03500 -0.00000 0 -65.000 -47.3989621 99.92213919999999
1697129214.4052954 -0.03500 -0.00000 0 -65.000 -47.3989621 99.92213919999999
1697129214.4052954 -0.03500 -0.00000 0 -65.000 -47.3989621 99.92213919999999
1697129214.4052954 -0.03500 -0.00000 0 -65.000 -47.3989621 99.92213919999999
1697129225.6902094 -0.04000 0.00000 4 -45.000 -47.3989621 89.6737128
1697129225.6902094 -0.04000 0.00000 7 -45.000 -47.3989621 89.6737128
1697129225.6902094 -0.04000 0.00000 9 -45.000 -47.3989621 89.6737128
1697129225.6902094 -0.04000 0.00000 5 -45.000 -47.3989621 89.6737128
1697129225.6902094 -0.04000 0.00000 7 -45.000 -47.3989621 89.6737128
1697129236.3486173 -0.04000 0.00000 0 -55.000 -47.3989621 89.6737128
1697129236.3486173 -0.04000 0.00000 0 -55.000 -47.3989621 89.6737128
1697129236.3486173 -0.04000 0.00000 0 -55.000 -47.3989621 89.6737128
1697129236.3486173 -0.04000 0.00000 0 -55.000 -47.3989621 89.6737128
1697129236.3486173 -0.04000 0.00000 0 -55.000 -47.3989621 89.6737128
1697129246.375452 -0.04000 0.00000 0 -65.000 -47.3989621 89.6737128
1697129246.375452 -0.04000 0.00000 0 -65.000 -47.3989621 89.6737128
1697129246.375452 -0.04000 0.00000 0 -65.000 -47.3989621 89.6737128
1697129246.375452 -0.04000 0.00000 0 -65.000 -47.3989621 89.6737128
1697129246.375452 -0.04000 0.00000 0 -65.000 -47.3989621 89.6737128
1697129257.7502553 -0.04500 0.00000 10 -45.000 -52.5231771 94.7979242
1697129257.7502553 -0.04500 0.00000 4 -45.000 -52.5231771 94.7979242
1697129257.7502553 -0.04500 0.00000 4 -45.000 -52.5231771 94.7979242
1697129257.7502553 -0.04500 0.00000 3 -45.000 -52.5231771 94.7979242
1697129257.7502553 -0.04500 0.00000 11 -45.000 -52.5231771 94.7979242
1697129268.4242222 -0.04500 0.00000 0 -55.000 -52.5231771 94.7979242
1697129268.4242222 -0.04500 0.00000 0 -55.000 -52.5231771 94.7979242
1697129268.4242222 -0.04500 0.00000 0 -55.000 -52.5231771 94.7979242
1697129268.4242222 -0.04500 0.00000 0 -55.000 -52.5231771 94.7979242
1697129268.4242222 -0.04500 0.00000 0 -55.000 -52.5231771 94.7979242
1697129278.333876 -0.04500 0.00000 0 -65.000 -52.5231771 94.7979242
1697129278.333876 -0.04500 0.00000 0 -65.000 -52.5231771 94.7979242
1697129278.333876 -0.04500 0.00000 0 -65.000 -52.5231771 94.7979242
1697129278.333876 -0.04500 0.00000 0 -65.000 -52.5231771 94.7979242
1697129278.333876 -0.04500 0.00000 0 -65.000 -52.5231771 94.7979242
1697129289.7199845 -0.05000 -0.00000 5 -45.000 -52.5231771 99.92213919999999
1697129289.7199845 -0.05000 -0.00000 4 -45.000 -52.5231771 99.92213919999999
1697129289.7199845 -0.05000 -0.00000 6 -45.000 -52.5231771 99.92213919999999
1697129289.7199845 -0.05000 -0.00000 3 -45.000 -52.5231771 99.92213919999999
1697129289.7199845 -0.05000 -0.00000 8 -45.000 -52.5231771 99.92213919999999
1697129300.402438 -0.05000 -0.00000 0 -55.000 -52.5231771 99.92213919999999
1697129300.402438 -0.05000 -0.00000 0 -55.000 -52.5231771 99.92213919999999
1697129300.402438 -0.05000 -0.00000 0 -55.000 -52.5231771 99.92213919999999
1697129300.402438 -0.05000 -0.00000 0 -55.000 -52.5231771 99.92213919999999
1697129300.402438 -0.05000 -0.00000 0 -55.000 -52.5231771 99.92213919999999
1697129310.4169323 -0.05000 -0.00000 0 -65.000 -52.5231771 99.92213919999999
1697129310.4169323 -0.05000 -0.00000 0 -65.000 -52.5231771 99.92213919999999
1697129310.4169323 -0.05000 -0.00000 0 -65.000 -52.5231771 99.92213919999999
1697129310.4169323 -0.05000 -0.00000 0 -65.000 -52.5231771 99.92213919999999
1697129310.4169323 -0.05000 -0.00000 0 -65.000 -52.5231771 99.92213919999999
1697129321.589606 -0.05500 -0.00000 5 -45.000 -52.5231771 94.79792789999999
1697129321.589606 -0.05500 -0.00000 8 -45.000 -52.5231771 94.79792789999999
1697129321.589606 -0.05500 -0.00000 6 -45.000 -52.5231771 94.79792789999999
1697129321.589606 -0.05500 -0.00000 11 -45.000 -52.5231771 94.79792789999999
1697129321.589606 -0.05500 -0.00000 7 -45.000 -52.5231771 94.79792789999999
1697129332.3725264 -0.05500 -0.00000 0 -55.000 -52.5231771 94.79792789999999
1697129332.3725264 -0.05500 -0.00000 0 -55.000 -52.5231771 94.79792789999999
1697129332.3725264 -0.05500 -0.00000 0 -55.000 -52.5231771 94.79792789999999
1697129332.3725264 -0.05500 -0.00000 0 -55.000 -52.5231771 94.79792789999999
1697129332.3725264 -0.05500 -0.00000 0 -55.000 -52.5231771 94.79792789999999
1697129342.3892083 -0.05500 -0.00000 0 -65.000 -52.5231771 94.79792789999999
1697129342.3892083 -0.05500 -0.00000 0 -65.000 -52.5231771 94.79792789999999
1697129342.3892083 -0.05500 -0.00000 0 -65.000 -52.5231771 94.79792789999999
1697129342.3892083 -0.05500 -0.00000 0 -65.000 -52.5231771 94.79792789999999
1697129342.3892083 -0.05500 -0.00000 0 -65.000 -52.5231771 94.79792789999999
1697129353.660516 -0.06000 0.00000 8 -45.000 -47.3989621 99.92213919999999
1697129353.660516 -0.06000 0.00000 5 -45.000 -47.3989621 99.92213919999999
1697129353.660516 -0.06000 0.00000 1 -45.000 -47.3989621 99.92213919999999
1697129353.660516 -0.06000 0.00000 6 -45.000 -47.3989621 99.92213919999999
1697129353.660516 -0.06000 0.00000 8 -45.000 -47.3989621 99.92213919999999
1697129364.3297703 -0.06000 0.00000 0 -55.000 -47.3989621 99.92213919999999
1697129364.3297703 -0.06000 0.00000 0 -55.000 -47.3989621 99.92213919999999
1697129364.3297703 -0.06000 0.00000 0 -55.000 -47.3989621 99.92213919999999
1697129364.3297703 -0.06000 0.00000 0 -55.000 -47.3989621 99.92213919999999
1697129364.3297703 -0.06000 0.00000 0 -55.000 -47.3989621 99.92213919999999
1697129374.345908 -0.06000 0.00000 0 -65.000 -47.3989621 99.92213919999999
1697129374.345908 -0.06000 0.00000 0 -65.000 -47.3989621 99.92213919999999
1697129374.345908 -0.06000 0.00000 0 -65.000 -47.3989621 99.92213919999999
1697129374.345908 -0.06000 0.00000 0 -65.000 -47.3989621 99.92213919999999
1697129374.345908 -0.06000 0.00000 0 -65.000 -47.3989621 99.92213919999999
1697129385.6304777 -0.06500 0.00000 6 -45.000 -52.5231771 94.79792789999999
1697129385.6304777 -0.06500 0.00000 8 -45.000 -52.5231771 94.79792789999999
1697129385.6304777 -0.06500 0.00000 4 -45.000 -52.5231771 94.79792789999999
1697129385.6304777 -0.06500 0.00000 2 -45.000 -52.5231771 94.79792789999999
1697129385.6304777 -0.06500 0.00000 2 -45.000 -52.5231771 94.79792789999999
1697129396.4120543 -0.06500 0.00000 0 -55.000 -52.5231771 94.79792789999999
1697129396.4120543 -0.06500 0.00000 0 -55.000 -52.5231771 94.79792789999999
1697129396.4120543 -0.06500 0.00000 0 -55.000 -52.5231771 94.79792789999999
1697129396.4120543 -0.06500 0.00000 0 -55.000 -52.5231771 94.79792789999999
1697129396.4120543 -0.06500 0.00000 0 -55.000 -52.5231771 94.79792789999999
1697129406.4401433 -0.06500 0.00000 0 -65.000 -52.5231771 94.79792789999999
1697129406.4401433 -0.06500 0.00000 0 -65.000 -52.5231771 94.79792789999999
1697129406.4401433 -0.06500 0.00000 0 -65.000 -52.5231771 94.79792789999999
1697129406.4401433 -0.06500 0.00000 0 -65.000 -52.5231771 94.79792789999999
1697129406.4401433 -0.06500 0.00000 0 -65.000 -52.5231771 94.79792789999999
1697129417.7023787 -0.07000 -0.00000 4 -45.000 -57.6473884 99.92213919999999
1697129417.7023787 -0.07000 -0.00000 9 -45.000 -57.6473884 99.92213919999999
1697129417.7023787 -0.07000 -0.00000 5 -45.000 -57.6473884 99.92213919999999
1697129417.7023787 -0.07000 -0.00000 8 -45.000 -57.6473884 99.92213919999999
1697129417.7023787 -0.07000 -0.00000 2 -45.000 -57.6473884 99.92213919999999
1697129428.3838515 -0.07000 -0.00000 0 -55.000 -57.6473884 99.92213919999999
1697129428.3838515 -0.07000 -0.00000 0 -55.000 -57.6473884 99.92213919999999
1697129428.3838515 -0.07000 -0.00000 0 -55.000 -57.6473884 99.92213919999999
1697129428.3838515 -0.07000 -0.00000 0 -55.000 -57.6473884 99.92213919999999
1697129428.3838515 -0.07000 -0.00000 0 -55.000 -57.6473884 99.92213919999999
1697129438.3874664 -0.07000 -0.00000 0 -65.000 -57.6473884 99.92213919999999
1697129438.3874664 -0.07000 -0.00000 0 -65.000 -57.6473884 99.92213919999999
1697129438.3874664 -0.07000 -0.00000 0 -65.000 -57.6473884 99.92213919999999
1697129438.3874664 -0.07000 -0.00000 0 -65.000 -57.6473884 99.92213919999999
1697129438.3874664 -0.07000 -0.00000 0 -65.000 -57.6473884 99.92213919999999
1697129449.5714517 -0.07500 0.00000 4 -45.000 -47.3989621 94.79792789999999
1697129449.5714517 -0.07500 0.00000 3 -45.000 -47.3989621 94.79792789999999
1697129449.5714517 -0.07500 0.00000 11 -45.000 -47.3989621 94.79792789999999
1697129449.5714517 -0.07500 0.00000 12 -45.000 -47.3989621 94.79792789999999
1697129449.5714517 -0.07500 0.00000 6 -45.000 -47.3989621 94.79792789999999
1697129460.3426123 -0.07500 0.00000 0 -55.000 -47.3989621 94.79792789999999
1697129460.3426123 -0.07500 0.00000 0 -55.000 -47.3989621 94.79792789999999
1697129460.3426123 -0.07500 0.00000 0 -55.000 -47.3989621 94.79792789999999
1697129460.3426123 -0.07500 0.00000 0 -55.000 -47.3989621 94.79792789999999
1697129460.3426123 -0.07500 0.00000 0 -55.000 -47.3989621 94.79792789999999
1697129470.3694818 -0.07500 0.00000 0 -65.000 -47.3989621 94.79792789999999
1697129470.3694818 -0.07500 0.00000 0 -65.000 -47.3989621 94.79792789999999
1697129470.3694818 -0.07500 0.00000 0 -65.000 -47.3989621 94.79792789999999
1697129470.3694818 -0.07500 0.00000 0 -65.000 -47.3989621 94.79792789999999
1697129470.3694818 -0.07500 0.00000 0 -65.000 -47.3989621 94.79792789999999
1697129481.642405 -0.08000 -0.00000 6 -45.000 -57.6473884 94.7979242
1697129481.642405 -0.08000 -0.00000 9 -45.000 -57.6473884 94.7979242
1697129481.642405 -0.08000 -0.00000 5 -45.000 -57.6473884 94.7979242
1697129481.642405 -0.08000 -0.00000 10 -45.000 -57.6473884 94.7979242
1697129481.642405 -0.08000 -0.00000 7 -45.000 -57.6473884 94.7979242
1697129492.413309 -0.08000 -0.00000 0 -55.000 -57.6473884 94.7979242
1697129492.413309 -0.08000 -0.00000 0 -55.000 -57.6473884 94.7979242
1697129492.413309 -0.08000 -0.00000 0 -55.000 -57.6473884 94.7979242
1697129492.413309 -0.08000 -0.00000 0 -55.000 -57.6473884 94.7979242
1697129492.413309 -0.08000 -0.00000 0 -55.000 -57.6473884 94.7979242
1697129502.3286486 -0.08000 -0.00000 0 -65.000 -57.6473884 94.7979242
1697129502.3286486 -0.08000 -0.00000 0 -65.000 -57.6473884 94.7979242
1697129502.3286486 -0.08000 -0.00000 0 -65.000 -57.6473884 94.7979242
1697129502.3286486 -0.08000 -0.00000 0 -65.000 -57.6473884 94.7979242
1697129502.3286486 -0.08000 -0.00000 0 -65.000 -57.6473884 94.7979242
1697129513.6141555 -0.08500 -0.00000 5 -45.000 -47.3989621 99.92213919999999
1697129513.6141555 -0.08500 -0.00000 3 -45.000 -47.3989621 99.92213919999999
1697129513.6141555 -0.08500 -0.00000 5 -45.000 -47.3989621 99.92213919999999
1697129513.6141555 -0.08500 -0.00000 5 -45.000 -47.3989621 99.92213919999999
1697129513.6141555 -0.08500 -0.00000 9 -45.000 -47.3989621 99.92213919999999
1697129524.4098527 -0.08500 -0.00000 0 -55.000 -47.3989621 99.92213919999999
1697129524.4098527 -0.08500 -0.00000 0 -55.000 -47.3989621 99.92213919999999
1697129524.4098527 -0.08500 -0.00000 0 -55.000 -47.3989621 99.92213919999999
1697129524.4098527 -0.08500 -0.00000 0 -55.000 -47.3989621 99.92213919999999
1697129524.4098527 -0.08500 -0.00000 0 -55.000 -47.3989621 99.92213919999999
1697129534.4106133 -0.08500 -0.00000 0 -65.000 -47.3989621 99.92213919999999
1697129534.4106133 -0.08500 -0.00000 0 -65.000 -47.3989621 99.92213919999999
1697129534.4106133 -0.08500 -0.00000 0 -65.000 -47.3989621 99.92213919999999
1697129534.4106133 -0.08500 -0.00000 0 -65.000 -47.3989621 99.92213919999999
1697129534.4106133 -0.08500 -0.00000 0 -65.000 -47.3989621 99.92213919999999
1697129545.6955829 -0.09000 0.00001 12 -45.000 -52.5231771 99.92213919999999
1697129545.6955829 -0.09000 0.00001 8 -45.000 -52.5231771 99.92213919999999
1697129545.6955829 -0.09000 0.00001 8 -45.000 -52.5231771 99.92213919999999
1697129545.6955829 -0.09000 0.00001 8 -45.000 -52.5231771 99.92213919999999
1697129545.6955829 -0.09000 0.00001 8 -45.000 -52.5231771 99.92213919999999
1697129556.3670108 -0.09000 0.00001 0 -55.000 -52.5231771 99.92213919999999
1697129556.3670108 -0.09000 0.00001 1 -55.000 -52.5231771 99.92213919999999
1697129556.3670108 -0.09000 0.00001 0 -55.000 -52.5231771 99.92213919999999
1697129556.3670108 -0.09000 0.00001 0 -55.000 -52.5231771 99.92213919999999
1697129556.3670108 -0.09000 0.00001 0 -55.000 -52.5231771 99.92213919999999
1697129566.284361 -0.09000 0.00001 0 -65.000 -52.5231771 99.92213919999999
1697129566.284361 -0.09000 0.00001 0 -65.000 -52.5231771 99.92213919999999
1697129566.284361 -0.09000 0.00001 0 -65.000 -52.5231771 99.92213919999999
1697129566.284361 -0.09000 0.00001 0 -65.000 -52.5231771 99.92213919999999
1697129566.284361 -0.09000 0.00001 0 -65.000 -52.5231771 99.92213919999999
1697129577.655611 -0.09500 0.00000 8 -45.000 -52.5231771 94.7979242
1697129577.655611 -0.09500 0.00000 3 -45.000 -52.5231771 94.7979242
1697129577.655611 -0.09500 0.00000 9 -45.000 -52.5231771 94.7979242
1697129577.655611 -0.09500 0.00000 4 -45.000 -52.5231771 94.7979242
1697129577.655611 -0.09500 0.00000 6 -45.000 -52.5231771 94.7979242
1697129588.4392018 -0.09500 0.00000 0 -55.000 -52.5231771 94.7979242
1697129588.4392018 -0.09500 0.00000 0 -55.000 -52.5231771 94.7979242
1697129588.4392018 -0.09500 0.00000 0 -55.000 -52.5231771 94.7979242
1697129588.4392018 -0.09500 0.00000 0 -55.000 -52.5231771 94.7979242
1697129588.4392018 -0.09500 0.00000 0 -55.000 -52.5231771 94.7979242
1697129598.3420649 -0.09500 0.00000 0 -65.000 -52.5231771 94.7979242
1697129598.3420649 -0.09500 0.00000 0 -65.000 -52.5231771 94.7979242
1697129598.3420649 -0.09500 0.00000 0 -65.000 -52.5231771 94.7979242
1697129598.3420649 -0.09500 0.00000 0 -65.000 -52.5231771 94.7979242
1697129598.3420649 -0.09500 0.00000 0 -65.000 -52.5231771 94.7979242
1697129609.7274413 -0.10000 0.00000 7 -45.000 -57.6473884 99.92213919999999
1697129609.7274413 -0.10000 0.00000 8 -45.000 -57.6473884 99.92213919999999
1697129609.7274413 -0.10000 0.00000 11 -45.000 -57.6473884 99.92213919999999
1697129609.7274413 -0.10000 0.00000 5 -45.000 -57.6473884 99.92213919999999
1697129609.7274413 -0.10000 0.00000 7 -45.000 -57.6473884 99.92213919999999
1697129620.40925 -0.10000 0.00000 0 -55.000 -57.6473884 99.92213919999999
1697129620.40925 -0.10000 0.00000 0 -55.000 -57.6473884 99.92213919999999
1697129620.40925 -0.10000 0.00000 0 -55.000 -57.6473884 99.92213919999999
1697129620.40925 -0.10000 0.00000 0 -55.000 -57.6473884 99.92213919999999
1697129620.40925 -0.10000 0.00000 0 -55.000 -57.6473884 99.92213919999999
1697129630.413353 -0.10000 0.00000 0 -65.000 -57.6473884 99.92213919999999
1697129630.413353 -0.10000 0.00000 0 -65.000 -57.6473884 99.92213919999999
1697129630.413353 -0.10000 0.00000 0 -65.000 -57.6473884 99.92213919999999
1697129630.413353 -0.10000 0.00000 0 -65.000 -57.6473884 99.92213919999999
1697129630.413353 -0.10000 0.00000 0 -65.000 -57.6473884 99.92213919999999
1697129641.698026 -0.10500 0.00000 8 -45.000 -47.3989621 94.7979242
1697129641.698026 -0.10500 0.00000 8 -45.000 -47.3989621 94.7979242
1697129641.698026 -0.10500 0.00000 7 -45.000 -47.3989621 94.7979242
1697129641.698026 -0.10500 0.00000 9 -45.000 -47.3989621 94.7979242
1697129641.698026 -0.10500 0.00000 2 -45.000 -47.3989621 94.7979242
1697129652.3675253 -0.10500 0.00000 0 -55.000 -47.3989621 94.7979242
1697129652.3675253 -0.10500 0.00000 0 -55.000 -47.3989621 94.7979242
1697129652.3675253 -0.10500 0.00000 0 -55.000 -47.3989621 94.7979242
1697129652.3675253 -0.10500 0.00000 0 -55.000 -47.3989621 94.7979242
1697129652.3675253 -0.10500 0.00000 0 -55.000 -47.3989621 94.7979242
1697129662.4077404 -0.10500 0.00000 0 -65.000 -47.3989621 94.7979242
1697129662.4077404 -0.10500 0.00000 0 -65.000 -47.3989621 94.7979242
1697129662.4077404 -0.10500 0.00000 0 -65.000 -47.3989621 94.7979242
1697129662.4077404 -0.10500 0.00000 0 -65.000 -47.3989621 94.7979242
1697129662.4077404 -0.10500 0.00000 0 -65.000 -47.3989621 94.7979242
1697129673.5677302 -0.11000 -0.00000 5 -45.000 -47.3989621 94.7979242
1697129673.5677302 -0.11000 -0.00000 6 -45.000 -47.3989621 94.7979242
1697129673.5677302 -0.11000 -0.00000 5 -45.000 -47.3989621 94.7979242
1697129673.5677302 -0.11000 -0.00000 7 -45.000 -47.3989621 94.7979242
1697129673.5677302 -0.11000 -0.00000 7 -45.000 -47.3989621 94.7979242
1697129684.3382463 -0.11000 -0.00000 0 -55.000 -47.3989621 94.7979242
1697129684.3382463 -0.11000 -0.00000 0 -55.000 -47.3989621 94.7979242
1697129684.3382463 -0.11000 -0.00000 0 -55.000 -47.3989621 94.7979242
1697129684.3382463 -0.11000 -0.00000 0 -55.000 -47.3989621 94.7979242
1697129684.3382463 -0.11000 -0.00000 0 -55.000 -47.3989621 94.7979242
1697129694.3538816 -0.11000 -0.00000 0 -65.000 -47.3989621 94.7979242
1697129694.3538816 -0.11000 -0.00000 0 -65.000 -47.3989621 94.7979242
1697129694.3538816 -0.11000 -0.00000 0 -65.000 -47.3989621 94.7979242
1697129694.3538816 -0.11000 -0.00000 0 -65.000 -47.3989621 94.7979242
1697129694.3538816 -0.11000 -0.00000 0 -65.000 -47.3989621 94.7979242
1697129705.7402318 -0.11500 -0.00000 10 -45.000 -47.3989621 94.79792789999999
1697129705.7402318 -0.11500 -0.00000 9 -45.000 -47.3989621 94.79792789999999
1697129705.7402318 -0.11500 -0.00000 7 -45.000 -47.3989621 94.79792789999999
1697129705.7402318 -0.11500 -0.00000 9 -45.000 -47.3989621 94.79792789999999
1697129705.7402318 -0.11500 -0.00000 6 -45.000 -47.3989621 94.79792789999999
1697129716.4212399 -0.11500 -0.00000 0 -55.000 -47.3989621 94.79792789999999
1697129716.4212399 -0.11500 -0.00000 0 -55.000 -47.3989621 94.79792789999999
1697129716.4212399 -0.11500 -0.00000 0 -55.000 -47.3989621 94.79792789999999
1697129716.4212399 -0.11500 -0.00000 0 -55.000 -47.3989621 94.79792789999999
1697129716.4212399 -0.11500 -0.00000 0 -55.000 -47.3989621 94.79792789999999
1697129726.325435 -0.11500 -0.00000 0 -65.000 -47.3989621 94.79792789999999
1697129726.325435 -0.11500 -0.00000 0 -65.000 -47.3989621 94.79792789999999
1697129726.325435 -0.11500 -0.00000 0 -65.000 -47.3989621 94.79792789999999
1697129726.325435 -0.11500 -0.00000 0 -65.000 -47.3989621 94.79792789999999
1697129726.325435 -0.11500 -0.00000 0 -65.000 -47.3989621 94.79792789999999
1697129737.6098356 -0.12000 -0.00000 9 -45.000 -47.3989621 105.046354
1697129737.6098356 -0.12000 -0.00000 8 -45.000 -47.3989621 105.046354
1697129737.6098356 -0.12000 -0.00000 4 -45.000 -47.3989621 105.046354
1697129737.6098356 -0.12000 -0.00000 7 -45.000 -47.3989621 105.046354
1697129737.6098356 -0.12000 -0.00000 6 -45.000 -47.3989621 105.046354
1697129748.3936546 -0.12000 -0.00000 0 -55.000 -47.3989621 105.046354
1697129748.3936546 -0.12000 -0.00000 0 -55.000 -47.3989621 105.046354
1697129748.3936546 -0.12000 -0.00000 0 -55.000 -47.3989621 105.046354
1697129748.3936546 -0.12000 -0.00000 0 -55.000 -47.3989621 105.046354
1697129748.3936546 -0.12000 -0.00000 0 -55.000 -47.3989621 105.046354
1697129758.408728 -0.12000 -0.00000 0 -65.000 -47.3989621 105.046354
1697129758.408728 -0.12000 -0.00000 0 -65.000 -47.3989621 105.046354
1697129758.408728 -0.12000 -0.00000 1 -65.000 -47.3989621 105.046354
1697129758.408728 -0.12000 -0.00000 0 -65.000 -47.3989621 105.046354
1697129758.408728 -0.12000 -0.00000 0 -65.000 -47.3989621 105.046354
1697129769.5853422 -0.12500 -0.00000 7 -45.000 -52.5231771 94.79792789999999
1697129769.5853422 -0.12500 -0.00000 10 -45.000 -52.5231771 94.79792789999999
1697129769.5853422 -0.12500 -0.00000 4 -45.000 -52.5231771 94.79792789999999
1697129769.5853422 -0.12500 -0.00000 15 -45.000 -52.5231771 94.79792789999999
1697129769.5853422 -0.12500 -0.00000 2 -45.000 -52.5231771 94.79792789999999
1697129780.3634791 -0.12500 -0.00000 0 -55.000 -52.5231771 94.79792789999999
1697129780.3634791 -0.12500 -0.00000 0 -55.000 -52.5231771 94.79792789999999
1697129780.3634791 -0.12500 -0.00000 0 -55.000 -52.5231771 94.79792789999999
1697129780.3634791 -0.12500 -0.00000 0 -55.000 -52.5231771 94.79792789999999
1697129780.3634791 -0.12500 -0.00000 0 -55.000 -52.5231771 94.79792789999999
1697129790.378665 -0.12500 -0.00000 0 -65.000 -52.5231771 94.79792789999999
1697129790.378665 -0.12500 -0.00000 0 -65.000 -52.5231771 94.79792789999999
1697129790.378665 -0.12500 -0.00000 0 -65.000 -52.5231771 94.79792789999999
1697129790.378665 -0.12500 -0.00000 0 -65.000 -52.5231771 94.79792789999999
1697129790.378665 -0.12500 -0.00000 0 -65.000 -52.5231771 94.79792789999999
1697129801.551118 -0.13000 -0.00000 4 -45.000 -47.3989621 94.79792789999999
1697129801.551118 -0.13000 -0.00000 9 -45.000 -47.3989621 94.79792789999999
1697129801.551118 -0.13000 -0.00000 5 -45.000 -47.3989621 94.79792789999999
1697129801.551118 -0.13000 -0.00000 7 -45.000 -47.3989621 94.79792789999999
1697129801.551118 -0.13000 -0.00000 4 -45.000 -47.3989621 94.79792789999999
1697129812.4225805 -0.13000 -0.00000 0 -55.000 -47.3989621 94.79792789999999
1697129812.4225805 -0.13000 -0.00000 0 -55.000 -47.3989621 94.79792789999999
1697129812.4225805 -0.13000 -0.00000 0 -55.000 -47.3989621 94.79792789999999
1697129812.4225805 -0.13000 -0.00000 0 -55.000 -47.3989621 94.79792789999999
1697129812.4225805 -0.13000 -0.00000 0 -55.000 -47.3989621 94.79792789999999
1697129822.3387704 -0.13000 -0.00000 0 -65.000 -47.3989621 94.79792789999999
1697129822.3387704 -0.13000 -0.00000 0 -65.000 -47.3989621 94.79792789999999
1697129822.3387704 -0.13000 -0.00000 0 -65.000 -47.3989621 94.79792789999999
1697129822.3387704 -0.13000 -0.00000 0 -65.000 -47.3989621 94.79792789999999
1697129822.3387704 -0.13000 -0.00000 0 -65.000 -47.3989621 94.79792789999999
1697129833.6225505 -0.13500 0.00000 10 -45.000 -47.3989621 89.6737128
1697129833.6225505 -0.13500 0.00000 8 -45.000 -47.3989621 89.6737128
1697129833.6225505 -0.13500 0.00000 5 -45.000 -47.3989621 89.6737128
1697129833.6225505 -0.13500 0.00000 7 -45.000 -47.3989621 89.6737128
1697129833.6225505 -0.13500 0.00000 9 -45.000 -47.3989621 89.6737128
1697129844.4112022 -0.13500 0.00000 0 -55.000 -47.3989621 89.6737128
1697129844.4112022 -0.13500 0.00000 0 -55.000 -47.3989621 89.6737128
1697129844.4112022 -0.13500 0.00000 0 -55.000 -47.3989621 89.6737128
1697129844.4112022 -0.13500 0.00000 1 -55.000 -47.3989621 89.6737128
1697129844.4112022 -0.13500 0.00000 0 -55.000 -47.3989621 89.6737128
1697129854.4207673 -0.13500 0.00000 0 -65.000 -47.3989621 89.6737128
1697129854.4207673 -0.13500 0.00000 0 -65.000 -47.3989621 89.6737128
1697129854.4207673 -0.13500 0.00000 0 -65.000 -47.3989621 89.6737128
1697129854.4207673 -0.13500 0.00000 0 -65.000 -47.3989621 89.6737128
1697129854.4207673 -0.13500 0.00000 0 -65.000 -47.3989621 89.6737128
1697129865.695581 -0.14000 0.00000 2 -45.000 -47.3989621 94.79792789999999
1697129865.695581 -0.14000 0.00000 9 -45.000 -47.3989621 94.79792789999999
1697129865.695581 -0.14000 0.00000 6 -45.000 -47.3989621 94.79792789999999
1697129865.695581 -0.14000 0.00000 4 -45.000 -47.3989621 94.79792789999999
1697129865.695581 -0.14000 0.00000 9 -45.000 -47.3989621 94.79792789999999
1697129876.3631117 -0.14000 0.00000 0 -55.000 -47.3989621 94.79792789999999
1697129876.3631117 -0.14000 0.00000 0 -55.000 -47.3989621 94.79792789999999
1697129876.3631117 -0.14000 0.00000 0 -55.000 -47.3989621 94.79792789999999
1697129876.3631117 -0.14000 0.00000 0 -55.000 -47.3989621 94.79792789999999
1697129876.3631117 -0.14000 0.00000 0 -55.000 -47.3989621 94.79792789999999
1697129886.393245 -0.14000 0.00000 0 -65.000 -47.3989621 94.79792789999999
1697129886.393245 -0.14000 0.00000 0 -65.000 -47.3989621 94.79792789999999
1697129886.393245 -0.14000 0.00000 0 -65.000 -47.3989621 94.79792789999999
1697129886.393245 -0.14000 0.00000 1 -65.000 -47.3989621 94.79792789999999
1697129886.393245 -0.14000 0.00000 0 -65.000 -47.3989621 94.79792789999999
1697129897.664839 -0.14500 0.00000 7 -45.000 -52.5231771 94.7979242
1697129897.664839 -0.14500 0.00000 5 -45.000 -52.5231771 94.7979242
1697129897.664839 -0.14500 0.00000 7 -45.000 -52.5231771 94.7979242
1697129897.664839 -0.14500 0.00000 4 -45.000 -52.5231771 94.7979242
1697129897.664839 -0.14500 0.00000 5 -45.000 -52.5231771 94.7979242
1697129908.3342283 -0.14500 0.00000 0 -55.000 -52.5231771 94.7979242
1697129908.3342283 -0.14500 0.00000 0 -55.000 -52.5231771 94.7979242
1697129908.3342283 -0.14500 0.00000 0 -55.000 -52.5231771 94.7979242
1697129908.3342283 -0.14500 0.00000 0 -55.000 -52.5231771 94.7979242
1697129908.3342283 -0.14500 0.00000 1 -55.000 -52.5231771 94.7979242
1697129918.3504272 -0.14500 0.00000 0 -65.000 -52.5231771 94.7979242
1697129918.3504272 -0.14500 0.00000 0 -65.000 -52.5231771 94.7979242
1697129918.3504272 -0.14500 0.00000 0 -65.000 -52.5231771 94.7979242
1697129918.3504272 -0.14500 0.00000 0 -65.000 -52.5231771 94.7979242
1697129918.3504272 -0.14500 0.00000 0 -65.000 -52.5231771 94.7979242
1697129929.6354177 -0.15000 0.00000 8 -45.000 -47.3989621 94.7979242
1697129929.6354177 -0.15000 0.00000 8 -45.000 -47.3989621 94.7979242
1697129929.6354177 -0.15000 0.00000 4 -45.000 -47.3989621 94.7979242
1697129929.6354177 -0.15000 0.00000 4 -45.000 -47.3989621 94.7979242
1697129929.6354177 -0.15000 0.00000 4 -45.000 -47.3989621 94.7979242
1697129940.4173565 -0.15000 0.00000 0 -55.000 -47.3989621 94.7979242
1697129940.4173565 -0.15000 0.00000 1 -55.000 -47.3989621 94.7979242
1697129940.4173565 -0.15000 0.00000 0 -55.000 -47.3989621 94.7979242
1697129940.4173565 -0.15000 0.00000 0 -55.000 -47.3989621 94.7979242
1697129940.4173565 -0.15000 0.00000 0 -55.000 -47.3989621 94.7979242
1697129950.435168 -0.15000 0.00000 0 -65.000 -47.3989621 94.7979242
1697129950.435168 -0.15000 0.00000 0 -65.000 -47.3989621 94.7979242
1697129950.435168 -0.15000 0.00000 0 -65.000 -47.3989621 94.7979242
1697129950.435168 -0.15000 0.00000 0 -65.000 -47.3989621 94.7979242
1697129950.435168 -0.15000 0.00000 0 -65.000 -47.3989621 94.7979242
1697129961.7065744 -0.15500 -0.00000 9 -45.000 -52.5231771 94.7979242
1697129961.7065744 -0.15500 -0.00000 12 -45.000 -52.5231771 94.7979242
1697129961.7065744 -0.15500 -0.00000 14 -45.000 -52.5231771 94.7979242
1697129961.7065744 -0.15500 -0.00000 7 -45.000 -52.5231771 94.7979242
1697129961.7065744 -0.15500 -0.00000 9 -45.000 -52.5231771 94.7979242
1697129972.388605 -0.15500 -0.00000 0 -55.000 -52.5231771 94.7979242
1697129972.388605 -0.15500 -0.00000 0 -55.000 -52.5231771 94.7979242
1697129972.388605 -0.15500 -0.00000 0 -55.000 -52.5231771 94.7979242
1697129972.388605 -0.15500 -0.00000 0 -55.000 -52.5231771 94.7979242
1697129972.388605 -0.15500 -0.00000 0 -55.000 -52.5231771 94.7979242
1697129982.3958335 -0.15500 -0.00000 0 -65.000 -52.5231771 94.7979242
1697129982.3958335 -0.15500 -0.00000 0 -65.000 -52.5231771 94.7979242
1697129982.3958335 -0.15500 -0.00000 0 -65.000 -52.5231771 94.7979242
1697129982.3958335 -0.15500 -0.00000 0 -65.000 -52.5231771 94.7979242
1697129982.3958335 -0.15500 -0.00000 0 -65.000 -52.5231771 94.7979242
1697129993.6780431 -0.16000 -0.00000 11 -45.000 -57.6473884 94.7979242
1697129993.6780431 -0.16000 -0.00000 6 -45.000 -57.6473884 94.7979242
1697129993.6780431 -0.16000 -0.00000 7 -45.000 -57.6473884 94.7979242
1697129993.6780431 -0.16000 -0.00000 8 -45.000 -57.6473884 94.7979242
1697129993.6780431 -0.16000 -0.00000 10 -45.000 -57.6473884 94.7979242
1697130004.3476593 -0.16000 -0.00000 0 -55.000 -57.6473884 94.7979242
1697130004.3476593 -0.16000 -0.00000 0 -55.000 -57.6473884 94.7979242
1697130004.3476593 -0.16000 -0.00000 0 -55.000 -57.6473884 94.7979242
1697130004.3476593 -0.16000 -0.00000 0 -55.000 -57.6473884 94.7979242
1697130004.3476593 -0.16000 -0.00000 0 -55.000 -57.6473884 94.7979242
1697130014.363456 -0.16000 -0.00000 0 -65.000 -57.6473884 94.7979242
1697130014.363456 -0.16000 -0.00000 0 -65.000 -57.6473884 94.7979242
1697130014.363456 -0.16000 -0.00000 0 -65.000 -57.6473884 94.7979242
1697130014.363456 -0.16000 -0.00000 0 -65.000 -57.6473884 94.7979242
1697130014.363456 -0.16000 -0.00000 0 -65.000 -57.6473884 94.7979242
1697130025.6488192 -0.16500 0.00000 4 -45.000 -52.5231771 94.7979242
1697130025.6488192 -0.16500 0.00000 9 -45.000 -52.5231771 94.7979242
1697130025.6488192 -0.16500 0.00000 10 -45.000 -52.5231771 94.7979242
1697130025.6488192 -0.16500 0.00000 7 -45.000 -52.5231771 94.7979242
1697130025.6488192 -0.16500 0.00000 8 -45.000 -52.5231771 94.7979242
1697130036.4302216 -0.16500 0.00000 1 -55.000 -52.5231771 94.7979242
1697130036.4302216 -0.16500 0.00000 0 -55.000 -52.5231771 94.7979242
1697130036.4302216 -0.16500 0.00000 0 -55.000 -52.5231771 94.7979242
1697130036.4302216 -0.16500 0.00000 0 -55.000 -52.5231771 94.7979242
1697130036.4302216 -0.16500 0.00000 0 -55.000 -52.5231771 94.7979242
1697130046.3350024 -0.16500 0.00000 0 -65.000 -52.5231771 94.7979242
1697130046.3350024 -0.16500 0.00000 1 -65.000 -52.5231771 94.7979242
1697130046.3350024 -0.16500 0.00000 0 -65.000 -52.5231771 94.7979242
1697130046.3350024 -0.16500 0.00000 0 -65.000 -52.5231771 94.7979242
1697130046.3350024 -0.16500 0.00000 0 -65.000 -52.5231771 94.7979242
1697130057.7196746 -0.17000 -0.00000 4 -45.000 -57.6473884 99.92213919999999
1697130057.7196746 -0.17000 -0.00000 7 -45.000 -57.6473884 99.92213919999999
1697130057.7196746 -0.17000 -0.00000 6 -45.000 -57.6473884 99.92213919999999
1697130057.7196746 -0.17000 -0.00000 10 -45.000 -57.6473884 99.92213919999999
1697130057.7196746 -0.17000 -0.00000 6 -45.000 -57.6473884 99.92213919999999
1697130068.4019446 -0.17000 -0.00000 0 -55.000 -57.6473884 99.92213919999999
1697130068.4019446 -0.17000 -0.00000 0 -55.000 -57.6473884 99.92213919999999
1697130068.4019446 -0.17000 -0.00000 0 -55.000 -57.6473884 99.92213919999999
1697130068.4019446 -0.17000 -0.00000 0 -55.000 -57.6473884 99.92213919999999
1697130068.4019446 -0.17000 -0.00000 0 -55.000 -57.6473884 99.92213919999999
1697130078.4056914 -0.17000 -0.00000 0 -65.000 -57.6473884 99.92213919999999
1697130078.4056914 -0.17000 -0.00000 0 -65.000 -57.6473884 99.92213919999999
1697130078.4056914 -0.17000 -0.00000 0 -65.000 -57.6473884 99.92213919999999
1697130078.4056914 -0.17000 -0.00000 0 -65.000 -57.6473884 99.92213919999999
1697130078.4056914 -0.17000 -0.00000 0 -65.000 -57.6473884 99.92213919999999
1697130089.6908855 -0.17500 0.00000 10 -45.000 -78.1442374 94.7979242
1697130089.6908855 -0.17500 0.00000 2 -45.000 -78.1442374 94.7979242
1697130089.6908855 -0.17500 0.00000 5 -45.000 -78.1442374 94.7979242
1697130089.6908855 -0.17500 0.00000 8 -45.000 -78.1442374 94.7979242
1697130089.6908855 -0.17500 0.00000 8 -45.000 -78.1442374 94.7979242
1697130100.3592062 -0.17500 0.00000 1 -55.000 -78.1442374 94.7979242
1697130100.3592062 -0.17500 0.00000 0 -55.000 -78.1442374 94.7979242
1697130100.3592062 -0.17500 0.00000 0 -55.000 -78.1442374 94.7979242
1697130100.3592062 -0.17500 0.00000 0 -55.000 -78.1442374 94.7979242
1697130100.3592062 -0.17500 0.00000 0 -55.000 -78.1442374 94.7979242
1697130110.3992336 -0.17500 0.00000 0 -65.000 -78.1442374 94.7979242
1697130110.3992336 -0.17500 0.00000 0 -65.000 -78.1442374 94.7979242
1697130110.3992336 -0.17500 0.00000 0 -65.000 -78.1442374 94.7979242
1697130110.3992336 -0.17500 0.00000 0 -65.000 -78.1442374 94.7979242
1697130110.3992336 -0.17500 0.00000 0 -65.000 -78.1442374 94.7979242
1697130121.6603324 -0.18000 -0.00000 5 -45.000 -47.3989621 105.046354
1697130121.6603324 -0.18000 -0.00000 9 -45.000 -47.3989621 105.046354
1697130121.6603324 -0.18000 -0.00000 5 -45.000 -47.3989621 105.046354
1697130121.6603324 -0.18000 -0.00000 7 -45.000 -47.3989621 105.046354
1697130121.6603324 -0.18000 -0.00000 8 -45.000 -47.3989621 105.046354
1697130132.3298047 -0.18000 -0.00000 2 -55.000 -47.3989621 105.046354
1697130132.3298047 -0.18000 -0.00000 0 -55.000 -47.3989621 105.046354
1697130132.3298047 -0.18000 -0.00000 0 -55.000 -47.3989621 105.046354
1697130132.3298047 -0.18000 -0.00000 0 -55.000 -47.3989621 105.046354
1697130132.3298047 -0.18000 -0.00000 1 -55.000 -47.3989621 105.046354
1697130142.347046 -0.18000 -0.00000 0 -65.000 -47.3989621 105.046354
1697130142.347046 -0.18000 -0.00000 0 -65.000 -47.3989621 105.046354
1697130142.347046 -0.18000 -0.00000 0 -65.000 -47.3989621 105.046354
1697130142.347046 -0.18000 -0.00000 1 -65.000 -47.3989621 105.046354
1697130142.347046 -0.18000 -0.00000 0 -65.000 -47.3989621 105.046354
1697130153.6322565 -0.18500 -0.00000 14 -45.000 -73.0200261 99.92213919999999
1697130153.6322565 -0.18500 -0.00000 5 -45.000 -73.0200261 99.92213919999999
1697130153.6322565 -0.18500 -0.00000 10 -45.000 -73.0200261 99.92213919999999
1697130153.6322565 -0.18500 -0.00000 9 -45.000 -73.0200261 99.92213919999999
1697130153.6322565 -0.18500 -0.00000 6 -45.000 -73.0200261 99.92213919999999
1697130164.4156954 -0.18500 -0.00000 0 -55.000 -73.0200261 99.92213919999999
1697130164.4156954 -0.18500 -0.00000 0 -55.000 -73.0200261 99.92213919999999
1697130164.4156954 -0.18500 -0.00000 1 -55.000 -73.0200261 99.92213919999999
1697130164.4156954 -0.18500 -0.00000 0 -55.000 -73.0200261 99.92213919999999
1697130164.4156954 -0.18500 -0.00000 0 -55.000 -73.0200261 99.92213919999999
1697130174.4321709 -0.18500 -0.00000 0 -65.000 -73.0200261 99.92213919999999
1697130174.4321709 -0.18500 -0.00000 0 -65.000 -73.0200261 99.92213919999999
1697130174.4321709 -0.18500 -0.00000 1 -65.000 -73.0200261 99.92213919999999
1697130174.4321709 -0.18500 -0.00000 1 -65.000 -73.0200261 99.92213919999999
1697130174.4321709 -0.18500 -0.00000 1 -65.000 -73.0200261 99.92213919999999
1697130185.603521 -0.19000 -0.00000 8 -45.000 -52.5231771 94.7979242
1697130185.603521 -0.19000 -0.00000 5 -45.000 -52.5231771 94.7979242
1697130185.603521 -0.19000 -0.00000 10 -45.000 -52.5231771 94.7979242
1697130185.603521 -0.19000 -0.00000 5 -45.000 -52.5231771 94.7979242
1697130185.603521 -0.19000 -0.00000 14 -45.000 -52.5231771 94.7979242
1697130196.3991487 -0.19000 -0.00000 0 -55.000 -52.5231771 94.7979242
1697130196.3991487 -0.19000 -0.00000 0 -55.000 -52.5231771 94.7979242
1697130196.3991487 -0.19000 -0.00000 0 -55.000 -52.5231771 94.7979242
1697130196.3991487 -0.19000 -0.00000 0 -55.000 -52.5231771 94.7979242
1697130196.3991487 -0.19000 -0.00000 0 -55.000 -52.5231771 94.7979242
1697130206.4013927 -0.19000 -0.00000 0 -65.000 -52.5231771 94.7979242
1697130206.4013927 -0.19000 -0.00000 0 -65.000 -52.5231771 94.7979242
1697130206.4013927 -0.19000 -0.00000 1 -65.000 -52.5231771 94.7979242
1697130206.4013927 -0.19000 -0.00000 1 -65.000 -52.5231771 94.7979242
1697130206.4013927 -0.19000 -0.00000 0 -65.000 -52.5231771 94.7979242
1697130217.5743914 -0.19500 0.00000 7 -45.000 -52.5231771 99.92213919999999
1697130217.5743914 -0.19500 0.00000 9 -45.000 -52.5231771 99.92213919999999
1697130217.5743914 -0.19500 0.00000 6 -45.000 -52.5231771 99.92213919999999
1697130217.5743914 -0.19500 0.00000 4 -45.000 -52.5231771 99.92213919999999
1697130217.5743914 -0.19500 0.00000 11 -45.000 -52.5231771 99.92213919999999
1697130228.3454797 -0.19500 0.00000 0 -55.000 -52.5231771 99.92213919999999
1697130228.3454797 -0.19500 0.00000 0 -55.000 -52.5231771 99.92213919999999
1697130228.3454797 -0.19500 0.00000 1 -55.000 -52.5231771 99.92213919999999
1697130228.3454797 -0.19500 0.00000 0 -55.000 -52.5231771 99.92213919999999
1697130228.3454797 -0.19500 0.00000 0 -55.000 -52.5231771 99.92213919999999
1697130238.372193 -0.19500 0.00000 0 -65.000 -52.5231771 99.92213919999999
1697130238.372193 -0.19500 0.00000 0 -65.000 -52.5231771 99.92213919999999
1697130238.372193 -0.19500 0.00000 0 -65.000 -52.5231771 99.92213919999999
1697130238.372193 -0.19500 0.00000 0 -65.000 -52.5231771 99.92213919999999
1697130238.372193 -0.19500 0.00000 0 -65.000 -52.5231771 99.92213919999999
1697130249.6461694 -0.20000 -0.00000 10 -45.000 -57.6473884 94.7979242
1697130249.6461694 -0.20000 -0.00000 15 -45.000 -57.6473884 94.7979242
1697130249.6461694 -0.20000 -0.00000 11 -45.000 -57.6473884 94.7979242
1697130249.6461694 -0.20000 -0.00000 7 -45.000 -57.6473884 94.7979242
1697130249.6461694 -0.20000 -0.00000 10 -45.000 -57.6473884 94.7979242
1697130260.4181428 -0.20000 -0.00000 4 -55.000 -57.6473884 94.7979242
1697130260.4181428 -0.20000 -0.00000 1 -55.000 -57.6473884 94.7979242
1697130260.4181428 -0.20000 -0.00000 1 -55.000 -57.6473884 94.7979242
1697130260.4181428 -0.20000 -0.00000 0 -55.000 -57.6473884 94.7979242
1697130260.4181428 -0.20000 -0.00000 0 -55.000 -57.6473884 94.7979242
1697130270.3330119 -0.20000 -0.00000 2 -65.000 -57.6473884 94.7979242
1697130270.3330119 -0.20000 -0.00000 0 -65.000 -57.6473884 94.7979242
1697130270.3330119 -0.20000 -0.00000 0 -65.000 -57.6473884 94.7979242
1697130270.3330119 -0.20000 -0.00000 1 -65.000 -57.6473884 94.7979242
1697130270.3330119 -0.20000 -0.00000 0 -65.000 -57.6473884 94.7979242
1697130281.6172373 -0.20500 0.00000 7 -45.000 -83.2684487 120.418988
1697130281.6172373 -0.20500 0.00000 11 -45.000 -83.2684487 120.418988
1697130281.6172373 -0.20500 0.00000 11 -45.000 -83.2684487 120.418988
1697130281.6172373 -0.20500 0.00000 14 -45.000 -83.2684487 120.418988
1697130281.6172373 -0.20500 0.00000 9 -45.000 -83.2684487 120.418988
1697130292.3989093 -0.20500 0.00000 2 -55.000 -83.2684487 120.418988
1697130292.3989093 -0.20500 0.00000 2 -55.000 -83.2684487 120.418988
1697130292.3989093 -0.20500 0.00000 5 -55.000 -83.2684487 120.418988
1697130292.3989093 -0.20500 0.00000 0 -55.000 -83.2684487 120.418988
1697130292.3989093 -0.20500 0.00000 2 -55.000 -83.2684487 120.418988
1697130302.4126902 -0.20500 0.00000 0 -65.000 -83.2684487 120.418988
1697130302.4126902 -0.20500 0.00000 2 -65.000 -83.2684487 120.418988
1697130302.4126902 -0.20500 0.00000 1 -65.000 -83.2684487 120.418988
1697130302.4126902 -0.20500 0.00000 0 -65.000 -83.2684487 120.418988
1697130302.4126902 -0.20500 0.00000 1 -65.000 -83.2684487 120.418988
1697130313.688637 -0.21000 0.00000 6 -45.000 -67.8958148 105.046354
1697130313.688637 -0.21000 0.00000 10 -45.000 -67.8958148 105.046354
1697130313.688637 -0.21000 0.00000 12 -45.000 -67.8958148 105.046354
1697130313.688637 -0.21000 0.00000 8 -45.000 -67.8958148 105.046354
1697130313.688637 -0.21000 0.00000 10 -45.000 -67.8958148 105.046354
1697130324.3697748 -0.21000 0.00000 2 -55.000 -67.8958148 105.046354
1697130324.3697748 -0.21000 0.00000 0 -55.000 -67.8958148 105.046354
1697130324.3697748 -0.21000 0.00000 1 -55.000 -67.8958148 105.046354
1697130324.3697748 -0.21000 0.00000 0 -55.000 -67.8958148 105.046354
1697130324.3697748 -0.21000 0.00000 0 -55.000 -67.8958148 105.046354
1697130334.3858771 -0.21000 0.00000 0 -65.000 -67.8958148 105.046354
1697130334.3858771 -0.21000 0.00000 3 -65.000 -67.8958148 105.046354
1697130334.3858771 -0.21000 0.00000 1 -65.000 -67.8958148 105.046354
1697130334.3858771 -0.21000 0.00000 2 -65.000 -67.8958148 105.046354
1697130334.3858771 -0.21000 0.00000 0 -65.000 -67.8958148 105.046354
1697130345.7590687 -0.21500 0.00000 5 -45.000 -144.758999 130.66741100000002
1697130345.7590687 -0.21500 0.00000 8 -45.000 -144.758999 130.66741100000002
1697130345.7590687 -0.21500 0.00000 10 -45.000 -144.758999 130.66741100000002
1697130345.7590687 -0.21500 0.00000 13 -45.000 -144.758999 130.66741100000002
1697130345.7590687 -0.21500 0.00000 5 -45.000 -144.758999 130.66741100000002
1697130356.3293264 -0.21500 0.00000 0 -55.000 -144.758999 130.66741100000002
1697130356.3293264 -0.21500 0.00000 3 -55.000 -144.758999 130.66741100000002
1697130356.3293264 -0.21500 0.00000 1 -55.000 -144.758999 130.66741100000002
1697130356.3293264 -0.21500 0.00000 3 -55.000 -144.758999 130.66741100000002
1697130356.3293264 -0.21500 0.00000 4 -55.000 -144.758999 130.66741100000002
1697130366.3450384 -0.21500 0.00000 3 -65.000 -144.758999 130.66741100000002
1697130366.3450384 -0.21500 0.00000 3 -65.000 -144.758999 130.66741100000002
1697130366.3450384 -0.21500 0.00000 3 -65.000 -144.758999 130.66741100000002
1697130366.3450384 -0.21500 0.00000 3 -65.000 -144.758999 130.66741100000002
1697130366.3450384 -0.21500 0.00000 2 -65.000 -144.758999 130.66741100000002
1697130377.6298206 -0.22000 -0.00000 9 -45.000 -88.39265999999999 105.046351
1697130377.6298206 -0.22000 -0.00000 9 -45.000 -88.39265999999999 105.046351
1697130377.6298206 -0.22000 -0.00000 15 -45.000 -88.39265999999999 105.046351
1697130377.6298206 -0.22000 -0.00000 6 -45.000 -88.39265999999999 105.046351
1697130377.6298206 -0.22000 -0.00000 10 -45.000 -88.39265999999999 105.046351
1697130388.4132278 -0.22000 -0.00000 3 -55.000 -88.39265999999999 105.046351
1697130388.4132278 -0.22000 -0.00000 2 -55.000 -88.39265999999999 105.046351
1697130388.4132278 -0.22000 -0.00000 1 -55.000 -88.39265999999999 105.046351
1697130388.4132278 -0.22000 -0.00000 4 -55.000 -88.39265999999999 105.046351
1697130388.4132278 -0.22000 -0.00000 5 -55.000 -88.39265999999999 105.046351
1697130398.4423213 -0.22000 -0.00000 3 -65.000 -88.39265999999999 105.046351
1697130398.4423213 -0.22000 -0.00000 4 -65.000 -88.39265999999999 105.046351
1697130398.4423213 -0.22000 -0.00000 2 -65.000 -88.39265999999999 105.046351
1697130398.4423213 -0.22000 -0.00000 2 -65.000 -88.39265999999999 105.046351
1697130398.4423213 -0.22000 -0.00000 4 -65.000 -88.39265999999999 105.046351
1697130409.7019696 -0.22500 0.00000 14 -45.000 -62.7716035 120.418988
1697130409.7019696 -0.22500 0.00000 11 -45.000 -62.7716035 120.418988
1697130409.7019696 -0.22500 0.00000 7 -45.000 -62.7716035 120.418988
1697130409.7019696 -0.22500 0.00000 9 -45.000 -62.7716035 120.418988
1697130409.7019696 -0.22500 0.00000 17 -45.000 -62.7716035 120.418988
1697130420.3827257 -0.22500 0.00000 2 -55.000 -62.7716035 120.418988
1697130420.3827257 -0.22500 0.00000 5 -55.000 -62.7716035 120.418988
1697130420.3827257 -0.22500 0.00000 5 -55.000 -62.7716035 120.418988
1697130420.3827257 -0.22500 0.00000 4 -55.000 -62.7716035 120.418988
1697130420.3827257 -0.22500 0.00000 2 -55.000 -62.7716035 120.418988
1697130430.3984232 -0.22500 0.00000 7 -65.000 -62.7716035 120.418988
1697130430.3984232 -0.22500 0.00000 6 -65.000 -62.7716035 120.418988
1697130430.3984232 -0.22500 0.00000 4 -65.000 -62.7716035 120.418988
1697130430.3984232 -0.22500 0.00000 2 -65.000 -62.7716035 120.418988
1697130430.3984232 -0.22500 0.00000 3 -65.000 -62.7716035 120.418988
1697130441.6712496 -0.23000 0.00000 15 -45.000 -73.0200261 130.66741100000002
1697130441.6712496 -0.23000 0.00000 13 -45.000 -73.0200261 130.66741100000002
1697130441.6712496 -0.23000 0.00000 11 -45.000 -73.0200261 130.66741100000002
1697130441.6712496 -0.23000 0.00000 8 -45.000 -73.0200261 130.66741100000002
1697130441.6712496 -0.23000 0.00000 9 -45.000 -73.0200261 130.66741100000002
1697130452.3411586 -0.23000 0.00000 7 -55.000 -73.0200261 130.66741100000002
1697130452.3411586 -0.23000 0.00000 2 -55.000 -73.0200261 130.66741100000002
1697130452.3411586 -0.23000 0.00000 8 -55.000 -73.0200261 130.66741100000002
1697130452.3411586 -0.23000 0.00000 8 -55.000 -73.0200261 130.66741100000002
1697130452.3411586 -0.23000 0.00000 4 -55.000 -73.0200261 130.66741100000002
1697130462.3711421 -0.23000 0.00000 5 -65.000 -73.0200261 130.66741100000002
1697130462.3711421 -0.23000 0.00000 3 -65.000 -73.0200261 130.66741100000002
1697130462.3711421 -0.23000 0.00000 6 -65.000 -73.0200261 130.66741100000002
1697130462.3711421 -0.23000 0.00000 4 -65.000 -73.0200261 130.66741100000002
1697130462.3711421 -0.23000 0.00000 6 -65.000 -73.0200261 130.66741100000002
1697130473.6412969 -0.23500 0.00000 13 -45.000 -108.889513 156.288479
1697130473.6412969 -0.23500 0.00000 14 -45.000 -108.889513 156.288479
1697130473.6412969 -0.23500 0.00000 8 -45.000 -108.889513 156.288479
1697130473.6412969 -0.23500 0.00000 11 -45.000 -108.889513 156.288479
1697130473.6412969 -0.23500 0.00000 10 -45.000 -108.889513 156.288479
1697130484.4247303 -0.23500 0.00000 7 -55.000 -108.889513 156.288479
1697130484.4247303 -0.23500 0.00000 8 -55.000 -108.889513 156.288479
1697130484.4247303 -0.23500 0.00000 7 -55.000 -108.889513 156.288479
1697130484.4247303 -0.23500 0.00000 8 -55.000 -108.889513 156.288479
1697130484.4247303 -0.23500 0.00000 3 -55.000 -108.889513 156.288479
1697130494.3272362 -0.23500 0.00000 8 -65.000 -108.889513 156.288479
1697130494.3272362 -0.23500 0.00000 3 -65.000 -108.889513 156.288479
1697130494.3272362 -0.23500 0.00000 4 -65.000 -108.889513 156.288479
1697130494.3272362 -0.23500 0.00000 4 -65.000 -108.889513 156.288479
1697130494.3272362 -0.23500 0.00000 7 -65.000 -108.889513 156.288479
1697130505.7136557 -0.24000 0.00000 10 -45.000 -78.1442374 146.04004500000002
1697130505.7136557 -0.24000 0.00000 14 -45.000 -78.1442374 146.04004500000002
1697130505.7136557 -0.24000 0.00000 13 -45.000 -78.1442374 146.04004500000002
1697130505.7136557 -0.24000 0.00000 19 -45.000 -78.1442374 146.04004500000002
1697130505.7136557 -0.24000 0.00000 18 -45.000 -78.1442374 146.04004500000002
1697130516.3934758 -0.24000 0.00000 11 -55.000 -78.1442374 146.04004500000002
1697130516.3934758 -0.24000 0.00000 7 -55.000 -78.1442374 146.04004500000002
1697130516.3934758 -0.24000 0.00000 11 -55.000 -78.1442374 146.04004500000002
1697130516.3934758 -0.24000 0.00000 10 -55.000 -78.1442374 146.04004500000002
1697130516.3934758 -0.24000 0.00000 9 -55.000 -78.1442374 146.04004500000002
1697130526.4232068 -0.24000 0.00000 6 -65.000 -78.1442374 146.04004500000002
1697130526.4232068 -0.24000 0.00000 5 -65.000 -78.1442374 146.04004500000002
1697130526.4232068 -0.24000 0.00000 8 -65.000 -78.1442374 146.04004500000002
1697130526.4232068 -0.24000 0.00000 8 -65.000 -78.1442374 146.04004500000002
1697130526.4232068 -0.24000 0.00000 5 -65.000 -78.1442374 146.04004500000002
1697130537.6836524 -0.24500 0.00000 14 -45.000 -144.758999 125.54319899999999
1697130537.6836524 -0.24500 0.00000 24 -45.000 -144.758999 125.54319899999999
1697130537.6836524 -0.24500 0.00000 13 -45.000 -144.758999 125.54319899999999
1697130537.6836524 -0.24500 0.00000 22 -45.000 -144.758999 125.54319899999999
1697130537.6836524 -0.24500 0.00000 21 -45.000 -144.758999 125.54319899999999
1697130548.3530116 -0.24500 0.00000 5 -55.000 -144.758999 125.54319899999999
1697130548.3530116 -0.24500 0.00000 5 -55.000 -144.758999 125.54319899999999
1697130548.3530116 -0.24500 0.00000 8 -55.000 -144.758999 125.54319899999999
1697130548.3530116 -0.24500 0.00000 11 -55.000 -144.758999 125.54319899999999
1697130548.3530116 -0.24500 0.00000 14 -55.000 -144.758999 125.54319899999999
1697130558.3928986 -0.24500 0.00000 9 -65.000 -144.758999 125.54319899999999
1697130558.3928986 -0.24500 0.00000 11 -65.000 -144.758999 125.54319899999999
1697130558.3928986 -0.24500 0.00000 12 -65.000 -144.758999 125.54319899999999
1697130558.3928986 -0.24500 0.00000 9 -65.000 -144.758999 125.54319899999999
1697130558.3928986 -0.24500 0.00000 13 -65.000 -144.758999 125.54319899999999
1697130569.6532817 -0.25000 0.00000 18 -45.000 -139.63478800000001 176.785327
1697130569.6532817 -0.25000 0.00000 24 -45.000 -139.63478800000001 176.785327
1697130569.6532817 -0.25000 0.00000 13 -45.000 -139.63478800000001 176.785327
1697130569.6532817 -0.25000 0.00000 23 -45.000 -139.63478800000001 176.785327
1697130569.6532817 -0.25000 0.00000 25 -45.000 -139.63478800000001 176.785327
1697130580.3222482 -0.25000 0.00000 17 -55.000 -139.63478800000001 176.785327
1697130580.3222482 -0.25000 0.00000 17 -55.000 -139.63478800000001 176.785327
1697130580.3222482 -0.25000 0.00000 10 -55.000 -139.63478800000001 176.785327
1697130580.3222482 -0.25000 0.00000 7 -55.000 -139.63478800000001 176.785327
1697130580.3222482 -0.25000 0.00000 10 -55.000 -139.63478800000001 176.785327
1697130590.3387477 -0.25000 0.00000 14 -65.000 -139.63478800000001 176.785327
1697130590.3387477 -0.25000 0.00000 15 -65.000 -139.63478800000001 176.785327
1697130590.3387477 -0.25000 0.00000 7 -65.000 -139.63478800000001 176.785327
1697130590.3387477 -0.25000 0.00000 21 -65.000 -139.63478800000001 176.785327
1697130590.3387477 -0.25000 0.00000 8 -65.000 -139.63478800000001 176.785327
1697130601.6223762 -0.25500 0.00000 27 -45.000 -129.386365 181.909539
1697130601.6223762 -0.25500 0.00000 33 -45.000 -129.386365 181.909539
1697130601.6223762 -0.25500 0.00000 111791 -45.000 -129.386365 181.909539
1697130601.6223762 -0.25500 0.00000 114297 -45.000 -129.386365 181.909539
1697130601.6223762 -0.25500 0.00000 116992 -45.000 -129.386365 181.909539
1697130612.4198453 -0.25500 0.00000 28930 -55.000 -129.386365 181.909539
1697130612.4198453 -0.25500 0.00000 25714 -55.000 -129.386365 181.909539
1697130612.4198453 -0.25500 0.00000 26048 -55.000 -129.386365 181.909539
1697130612.4198453 -0.25500 0.00000 27896 -55.000 -129.386365 181.909539
1697130612.4198453 -0.25500 0.00000 23017 -55.000 -129.386365 181.909539
1697130622.435346 -0.25500 0.00000 4545 -65.000 -129.386365 181.909539
1697130622.435346 -0.25500 0.00000 4767 -65.000 -129.386365 181.909539
1697130622.435346 -0.25500 0.00000 3695 -65.000 -129.386365 181.909539
1697130622.435346 -0.25500 0.00000 5000 -65.000 -129.386365 181.909539
1697130622.435346 -0.25500 0.00000 4134 -65.000 -129.386365 181.909539
1697130633.5931942 -0.26000 0.00001 89362 -45.000 -98.6410826 146.040048
1697130633.5931942 -0.26000 0.00001 95046 -45.000 -98.6410826 146.040048
1697130633.5931942 -0.26000 0.00001 91713 -45.000 -98.6410826 146.040048
1697130633.5931942 -0.26000 0.00001 91381 -45.000 -98.6410826 146.040048
1697130633.5931942 -0.26000 0.00001 89285 -45.000 -98.6410826 146.040048
1697130644.363427 -0.26000 0.00001 17104 -55.000 -98.6410826 146.040048
1697130644.363427 -0.26000 0.00001 17073 -55.000 -98.6410826 146.040048
1697130644.363427 -0.26000 0.00001 16599 -55.000 -98.6410826 146.040048
1697130644.363427 -0.26000 0.00001 17622 -55.000 -98.6410826 146.040048
1697130644.363427 -0.26000 0.00001 18209 -55.000 -98.6410826 146.040048
1697130654.3937883 -0.26000 0.00001 2414 -65.000 -98.6410826 146.040048
1697130654.3937883 -0.26000 0.00001 3304 -65.000 -98.6410826 146.040048
1697130654.3937883 -0.26000 0.00001 3323 -65.000 -98.6410826 146.040048
1697130654.3937883 -0.26000 0.00001 3043 -65.000 -98.6410826 146.040048
1697130654.3937883 -0.26000 0.00001 3002 -65.000 -98.6410826 146.040048
1697130665.6641312 -0.26500 0.00000 68024 -45.000 -88.39265999999999 140.915833
1697130665.6641312 -0.26500 0.00000 74540 -45.000 -88.39265999999999 140.915833
1697130665.6641312 -0.26500 0.00000 68307 -45.000 -88.39265999999999 140.915833
1697130665.6641312 -0.26500 0.00000 68999 -45.000 -88.39265999999999 140.915833
1697130665.6641312 -0.26500 0.00000 72149 -45.000 -88.39265999999999 140.915833
1697130676.3348873 -0.26500 0.00000 12707 -55.000 -88.39265999999999 140.915833
1697130676.3348873 -0.26500 0.00000 12241 -55.000 -88.39265999999999 140.915833
1697130676.3348873 -0.26500 0.00000 10971 -55.000 -88.39265999999999 140.915833
1697130676.3348873 -0.26500 0.00000 11675 -55.000 -88.39265999999999 140.915833
1697130676.3348873 -0.26500 0.00000 11931 -55.000 -88.39265999999999 140.915833
1697130686.3508246 -0.26500 0.00000 1682 -65.000 -88.39265999999999 140.915833
1697130686.3508246 -0.26500 0.00000 1892 -65.000 -88.39265999999999 140.915833
1697130686.3508246 -0.26500 0.00000 1608 -65.000 -88.39265999999999 140.915833
1697130686.3508246 -0.26500 0.00000 1323 -65.000 -88.39265999999999 140.915833
1697130686.3508246 -0.26500 0.00000 1818 -65.000 -88.39265999999999 140.915833
1697130697.634795 -0.27000 0.00000 51940 -45.000 -83.2684487 140.91583699999998
1697130697.634795 -0.27000 0.00000 51015 -45.000 -83.2684487 140.91583699999998
1697130697.634795 -0.27000 0.00000 51291 -45.000 -83.2684487 140.91583699999998
1697130697.634795 -0.27000 0.00000 53183 -45.000 -83.2684487 140.91583699999998
1697130697.634795 -0.27000 0.00000 49718 -45.000 -83.2684487 140.91583699999998
1697130708.405452 -0.27000 0.00000 7800 -55.000 -83.2684487 140.91583699999998
1697130708.405452 -0.27000 0.00000 8673 -55.000 -83.2684487 140.91583699999998
1697130708.405452 -0.27000 0.00000 8155 -55.000 -83.2684487 140.91583699999998
1697130708.405452 -0.27000 0.00000 7452 -55.000 -83.2684487 140.91583699999998
1697130708.405452 -0.27000 0.00000 8741 -55.000 -83.2684487 140.91583699999998
1697130718.3208442 -0.27000 0.00000 1066 -65.000 -83.2684487 140.91583699999998
1697130718.3208442 -0.27000 0.00000 963 -65.000 -83.2684487 140.91583699999998
1697130718.3208442 -0.27000 0.00000 891 -65.000 -83.2684487 140.91583699999998
1697130718.3208442 -0.27000 0.00000 722 -65.000 -83.2684487 140.91583699999998
1697130718.3208442 -0.27000 0.00000 659 -65.000 -83.2684487 140.91583699999998
1697130729.605676 -0.27500 0.00000 39636 -45.000 -88.39265999999999 140.91583699999998
1697130729.605676 -0.27500 0.00000 42170 -45.000 -88.39265999999999 140.91583699999998
1697130729.605676 -0.27500 0.00000 40313 -45.000 -88.39265999999999 140.91583699999998
1697130729.605676 -0.27500 0.00000 37595 -45.000 -88.39265999999999 140.91583699999998
1697130729.605676 -0.27500 0.00000 35678 -45.000 -88.39265999999999 140.91583699999998
1697130740.3872845 -0.27500 0.00000 6210 -55.000 -88.39265999999999 140.91583699999998
1697130740.3872845 -0.27500 0.00000 4975 -55.000 -88.39265999999999 140.91583699999998
1697130740.3872845 -0.27500 0.00000 5720 -55.000 -88.39265999999999 140.91583699999998
1697130740.3872845 -0.27500 0.00000 5389 -55.000 -88.39265999999999 140.91583699999998
1697130740.3872845 -0.27500 0.00000 5524 -55.000 -88.39265999999999 140.91583699999998
1697130750.3947144 -0.27500 0.00000 710 -65.000 -88.39265999999999 140.91583699999998
1697130750.3947144 -0.27500 0.00000 482 -65.000 -88.39265999999999 140.91583699999998
1697130750.3947144 -0.27500 0.00000 554 -65.000 -88.39265999999999 140.91583699999998
1697130750.3947144 -0.27500 0.00000 683 -65.000 -88.39265999999999 140.91583699999998
1697130750.3947144 -0.27500 0.00000 321 -65.000 -88.39265999999999 140.91583699999998
1697130761.6762447 -0.28000 0.00000 29948 -45.000 -88.39265999999999 135.791626
1697130761.6762447 -0.28000 0.00000 32301 -45.000 -88.39265999999999 135.791626
1697130761.6762447 -0.28000 0.00000 25902 -45.000 -88.39265999999999 135.791626
1697130761.6762447 -0.28000 0.00000 27387 -45.000 -88.39265999999999 135.791626
1697130761.6762447 -0.28000 0.00000 31548 -45.000 -88.39265999999999 135.791626
1697130772.3456533 -0.28000 0.00000 2715 -55.000 -88.39265999999999 135.791626
1697130772.3456533 -0.28000 0.00000 4249 -55.000 -88.39265999999999 135.791626
1697130772.3456533 -0.28000 0.00000 4305 -55.000 -88.39265999999999 135.791626
1697130772.3456533 -0.28000 0.00000 2993 -55.000 -88.39265999999999 135.791626
1697130772.3456533 -0.28000 0.00000 3310 -55.000 -88.39265999999999 135.791626
1697130782.373681 -0.28000 0.00000 233 -65.000 -88.39265999999999 135.791626
1697130782.373681 -0.28000 0.00000 255 -65.000 -88.39265999999999 135.791626
1697130782.373681 -0.28000 0.00000 198 -65.000 -88.39265999999999 135.791626
1697130782.373681 -0.28000 0.00000 374 -65.000 -88.39265999999999 135.791626
1697130782.373681 -0.28000 0.00000 293 -65.000 -88.39265999999999 135.791626
1697130793.6474745 -0.28500 0.00000 22632 -45.000 -83.2684487 130.667415
1697130793.6474745 -0.28500 0.00000 22946 -45.000 -83.2684487 130.667415
1697130793.6474745 -0.28500 0.00000 26209 -45.000 -83.2684487 130.667415
1697130793.6474745 -0.28500 0.00000 22728 -45.000 -83.2684487 130.667415
1697130793.6474745 -0.28500 0.00000 23364 -45.000 -83.2684487 130.667415
1697130804.3170984 -0.28500 0.00000 2303 -55.000 -83.2684487 130.667415
1697130804.3170984 -0.28500 0.00000 1421 -55.000 -83.2684487 130.667415
1697130804.3170984 -0.28500 0.00000 2225 -55.000 -83.2684487 130.667415
1697130804.3170984 -0.28500 0.00000 2126 -55.000 -83.2684487 130.667415
1697130804.3170984 -0.28500 0.00000 1305 -55.000 -83.2684487 130.667415
1697130814.346616 -0.28500 0.00000 112 -65.000 -83.2684487 130.667415
1697130814.346616 -0.28500 0.00000 198 -65.000 -83.2684487 130.667415
1697130814.346616 -0.28500 0.00000 196 -65.000 -83.2684487 130.667415
1697130814.346616 -0.28500 0.00000 110 -65.000 -83.2684487 130.667415
1697130814.346616 -0.28500 0.00000 105 -65.000 -83.2684487 130.667415
1697130825.6185374 -0.29000 0.00000 17169 -45.000 -78.1442374 130.66741100000002
1697130825.6185374 -0.29000 0.00000 16789 -45.000 -78.1442374 130.66741100000002
1697130825.6185374 -0.29000 0.00000 18745 -45.000 -78.1442374 130.66741100000002
1697130825.6185374 -0.29000 0.00000 17695 -45.000 -78.1442374 130.66741100000002
1697130825.6185374 -0.29000 0.00000 15438 -45.000 -78.1442374 130.66741100000002
1697130836.4000401 -0.29000 0.00000 1107 -55.000 -78.1442374 130.66741100000002
1697130836.4000401 -0.29000 0.00000 1648 -55.000 -78.1442374 130.66741100000002
1697130836.4000401 -0.29000 0.00000 1734 -55.000 -78.1442374 130.66741100000002
1697130836.4000401 -0.29000 0.00000 1230 -55.000 -78.1442374 130.66741100000002
1697130836.4000401 -0.29000 0.00000 1453 -55.000 -78.1442374 130.66741100000002
1697130846.4074528 -0.29000 0.00000 63 -65.000 -78.1442374 130.66741100000002
1697130846.4074528 -0.29000 0.00000 155 -65.000 -78.1442374 130.66741100000002
1697130846.4074528 -0.29000 0.00000 77 -65.000 -78.1442374 130.66741100000002
1697130846.4074528 -0.29000 0.00000 119 -65.000 -78.1442374 130.66741100000002
1697130846.4074528 -0.29000 0.00000 110 -65.000 -78.1442374 130.66741100000002
1697130857.6893895 -0.29500 0.00000 11060 -45.000 -73.0200261 130.66741100000002
1697130857.6893895 -0.29500 0.00000 7619 -45.000 -73.0200261 130.66741100000002
1697130857.6893895 -0.29500 0.00000 7967 -45.000 -73.0200261 130.66741100000002
1697130857.6893895 -0.29500 0.00000 7461 -45.000 -73.0200261 130.66741100000002
1697130857.6893895 -0.29500 0.00000 13711 -45.000 -73.0200261 130.66741100000002
1697130868.3715107 -0.29500 0.00000 1281 -55.000 -73.0200261 130.66741100000002
1697130868.3715107 -0.29500 0.00000 1257 -55.000 -73.0200261 130.66741100000002
1697130868.3715107 -0.29500 0.00000 1044 -55.000 -73.0200261 130.66741100000002
1697130868.3715107 -0.29500 0.00000 1123 -55.000 -73.0200261 130.66741100000002
1697130868.3715107 -0.29500 0.00000 1169 -55.000 -73.0200261 130.66741100000002
1697130878.3854394 -0.29500 0.00000 59 -65.000 -73.0200261 130.66741100000002
1697130878.3854394 -0.29500 0.00000 94 -65.000 -73.0200261 130.66741100000002
1697130878.3854394 -0.29500 0.00000 35 -65.000 -73.0200261 130.66741100000002
1697130878.3854394 -0.29500 0.00000 35 -65.000 -73.0200261 130.66741100000002
1697130878.3854394 -0.29500 0.00000 56 -65.000 -73.0200261 130.66741100000002
1697130889.6593533 -0.30000 -0.00000 9472 -45.000 -73.0200261 130.667415
1697130889.6593533 -0.30000 -0.00000 9123 -45.000 -73.0200261 130.667415
1697130889.6593533 -0.30000 -0.00000 9205 -45.000 -73.0200261 130.667415
1697130889.6593533 -0.30000 -0.00000 8902 -45.000 -73.0200261 130.667415
1697130889.6593533 -0.30000 -0.00000 9557 -45.000 -73.0200261 130.667415
1697130900.3277292 -0.30000 -0.00000 880 -55.000 -73.0200261 130.667415
1697130900.3277292 -0.30000 -0.00000 821 -55.000 -73.0200261 130.667415
1697130900.3277292 -0.30000 -0.00000 397 -55.000 -73.0200261 130.667415
1697130900.3277292 -0.30000 -0.00000 842 -55.000 -73.0200261 130.667415
1697130900.3277292 -0.30000 -0.00000 645 -55.000 -73.0200261 130.667415
1697130910.3440166 -0.30000 -0.00000 31 -65.000 -73.0200261 130.667415
1697130910.3440166 -0.30000 -0.00000 30 -65.000 -73.0200261 130.667415
1697130910.3440166 -0.30000 -0.00000 30 -65.000 -73.0200261 130.667415
1697130910.3440166 -0.30000 -0.00000 17 -65.000 -73.0200261 130.667415
1697130910.3440166 -0.30000 -0.00000 44 -65.000 -73.0200261 130.667415
1697130921.6291764 -0.30500 0.00000 6143 -45.000 -73.0200261 130.667415
1697130921.6291764 -0.30500 0.00000 6936 -45.000 -73.0200261 130.667415
1697130921.6291764 -0.30500 0.00000 6595 -45.000 -73.0200261 130.667415
1697130921.6291764 -0.30500 0.00000 8394 -45.000 -73.0200261 130.667415
1697130921.6291764 -0.30500 0.00000 7635 -45.000 -73.0200261 130.667415
1697130932.4094293 -0.30500 0.00000 593 -55.000 -73.0200261 130.667415
1697130932.4094293 -0.30500 0.00000 482 -55.000 -73.0200261 130.667415
1697130932.4094293 -0.30500 0.00000 316 -55.000 -73.0200261 130.667415
1697130932.4094293 -0.30500 0.00000 295 -55.000 -73.0200261 130.667415
1697130932.4094293 -0.30500 0.00000 157 -55.000 -73.0200261 130.667415
1697130942.3136497 -0.30500 0.00000 8 -65.000 -73.0200261 130.667415
1697130942.3136497 -0.30500 0.00000 11 -65.000 -73.0200261 130.667415
1697130942.3136497 -0.30500 0.00000 19 -65.000 -73.0200261 130.667415
1697130942.3136497 -0.30500 0.00000 18 -65.000 -73.0200261 130.667415
1697130942.3136497 -0.30500 0.00000 23 -65.000 -73.0200261 130.667415
1697130953.5987875 -0.31000 0.00001 3489 -45.000 -78.1442374 125.54320299999999
1697130953.5987875 -0.31000 0.00001 2204 -45.000 -78.1442374 125.54320299999999
1697130953.5987875 -0.31000 0.00001 4431 -45.000 -78.1442374 125.54320299999999
1697130953.5987875 -0.31000 0.00001 5758 -45.000 -78.1442374 125.54320299999999
1697130953.5987875 -0.31000 0.00001 5633 -45.000 -78.1442374 125.54320299999999
1697130964.3826983 -0.31000 0.00001 269 -55.000 -78.1442374 125.54320299999999
1697130964.3826983 -0.31000 0.00001 267 -55.000 -78.1442374 125.54320299999999
1697130964.3826983 -0.31000 0.00001 340 -55.000 -78.1442374 125.54320299999999
1697130964.3826983 -0.31000 0.00001 365 -55.000 -78.1442374 125.54320299999999
1697130964.3826983 -0.31000 0.00001 367 -55.000 -78.1442374 125.54320299999999
1697130974.3976989 -0.31000 0.00001 6 -65.000 -78.1442374 125.54320299999999
1697130974.3976989 -0.31000 0.00001 5 -65.000 -78.1442374 125.54320299999999
1697130974.3976989 -0.31000 0.00001 14 -65.000 -78.1442374 125.54320299999999
1697130974.3976989 -0.31000 0.00001 3 -65.000 -78.1442374 125.54320299999999
1697130974.3976989 -0.31000 0.00001 12 -65.000 -78.1442374 125.54320299999999
1697130985.6709104 -0.31500 0.00000 3810 -45.000 -73.0200261 115.294777
1697130985.6709104 -0.31500 0.00000 3991 -45.000 -73.0200261 115.294777
1697130985.6709104 -0.31500 0.00000 2528 -45.000 -73.0200261 115.294777
1697130985.6709104 -0.31500 0.00000 4271 -45.000 -73.0200261 115.294777
1697130985.6709104 -0.31500 0.00000 1539 -45.000 -73.0200261 115.294777
1697130996.3417904 -0.31500 0.00000 167 -55.000 -73.0200261 115.294777
1697130996.3417904 -0.31500 0.00000 217 -55.000 -73.0200261 115.294777
1697130996.3417904 -0.31500 0.00000 219 -55.000 -73.0200261 115.294777
1697130996.3417904 -0.31500 0.00000 63 -55.000 -73.0200261 115.294777
1697130996.3417904 -0.31500 0.00000 218 -55.000 -73.0200261 115.294777
1697131006.357925 -0.31500 0.00000 10 -65.000 -73.0200261 115.294777
1697131006.357925 -0.31500 0.00000 10 -65.000 -73.0200261 115.294777
1697131006.357925 -0.31500 0.00000 6 -65.000 -73.0200261 115.294777
1697131006.357925 -0.31500 0.00000 5 -65.000 -73.0200261 115.294777
1697131006.357925 -0.31500 0.00000 4 -65.000 -73.0200261 115.294777
1697131017.6418326 -0.32000 -0.00000 3193 -45.000 -67.8958148 125.54319899999999
1697131017.6418326 -0.32000 -0.00000 2960 -45.000 -67.8958148 125.54319899999999
1697131017.6418326 -0.32000 -0.00000 2795 -45.000 -67.8958148 125.54319899999999
1697131017.6418326 -0.32000 -0.00000 3036 -45.000 -67.8958148 125.54319899999999
1697131017.6418326 -0.32000 -0.00000 2848 -45.000 -67.8958148 125.54319899999999
1697131028.424269 -0.32000 -0.00000 66 -55.000 -67.8958148 125.54319899999999
1697131028.424269 -0.32000 -0.00000 161 -55.000 -67.8958148 125.54319899999999
1697131028.424269 -0.32000 -0.00000 118 -55.000 -67.8958148 125.54319899999999
1697131028.424269 -0.32000 -0.00000 168 -55.000 -67.8958148 125.54319899999999
1697131028.424269 -0.32000 -0.00000 167 -55.000 -67.8958148 125.54319899999999
1697131038.3272996 -0.32000 -0.00000 3 -65.000 -67.8958148 125.54319899999999
1697131038.3272996 -0.32000 -0.00000 5 -65.000 -67.8958148 125.54319899999999
1697131038.3272996 -0.32000 -0.00000 0 -65.000 -67.8958148 125.54319899999999
1697131038.3272996 -0.32000 -0.00000 7 -65.000 -67.8958148 125.54319899999999
1697131038.3272996 -0.32000 -0.00000 7 -65.000 -67.8958148 125.54319899999999
