# This is data for a Photon Count Rate vs Bias curve
# Wafer : Device	Pa230518 : R9C10
# Bias Resistor : 1000000
# PCR measure comments: Si-WSi 220 nm short bridge
# Si-WSi 220 nm short bridge
# Counter setup: keysight53220A
# 	Trigger Threshhold: -60 mV
# 	Noise Rejection: False
# 	Gate integration: 0.15 s
# Pulsed OFF
# 
# Cols: unixtime-[s]	 Bias-[V]	 Sense_Voltage-[V]	 Counts-[#Photons]	 Threshold-[mV]	 Min Peak Voltage-[mV]	 Peak to Peak Voltage-[mV]
1697131089.5774064 -0.00000 -0.00000 0 -50.000 -47.3989621 94.7979242
1697131089.5774064 -0.00000 -0.00000 1 -50.000 -47.3989621 94.7979242
1697131089.5774064 -0.00000 -0.00000 1 -50.000 -47.3989621 94.7979242
1697131089.5774064 -0.00000 -0.00000 1 -50.000 -47.3989621 94.7979242
1697131089.5774064 -0.00000 -0.00000 0 -50.000 -47.3989621 94.7979242
1697131100.3595383 -0.00000 -0.00000 0 -60.000 -47.3989621 94.7979242
1697131100.3595383 -0.00000 -0.00000 0 -60.000 -47.3989621 94.7979242
1697131100.3595383 -0.00000 -0.00000 0 -60.000 -47.3989621 94.7979242
1697131100.3595383 -0.00000 -0.00000 0 -60.000 -47.3989621 94.7979242
1697131100.3595383 -0.00000 -0.00000 0 -60.000 -47.3989621 94.7979242
1697131110.3651097 -0.00000 -0.00000 0 -70.000 -47.3989621 94.7979242
1697131110.3651097 -0.00000 -0.00000 0 -70.000 -47.3989621 94.7979242
1697131110.3651097 -0.00000 -0.00000 0 -70.000 -47.3989621 94.7979242
1697131110.3651097 -0.00000 -0.00000 0 -70.000 -47.3989621 94.7979242
1697131110.3651097 -0.00000 -0.00000 0 -70.000 -47.3989621 94.7979242
1697131121.6631927 -0.00500 0.00000 0 -50.000 -52.5231771 94.7979242
1697131121.6631927 -0.00500 0.00000 0 -50.000 -52.5231771 94.7979242
1697131121.6631927 -0.00500 0.00000 1 -50.000 -52.5231771 94.7979242
1697131121.6631927 -0.00500 0.00000 0 -50.000 -52.5231771 94.7979242
1697131121.6631927 -0.00500 0.00000 2 -50.000 -52.5231771 94.7979242
1697131132.3193233 -0.00500 0.00000 0 -60.000 -52.5231771 94.7979242
1697131132.3193233 -0.00500 0.00000 0 -60.000 -52.5231771 94.7979242
1697131132.3193233 -0.00500 0.00000 0 -60.000 -52.5231771 94.7979242
1697131132.3193233 -0.00500 0.00000 0 -60.000 -52.5231771 94.7979242
1697131132.3193233 -0.00500 0.00000 0 -60.000 -52.5231771 94.7979242
1697131142.3921664 -0.00500 0.00000 0 -70.000 -52.5231771 94.7979242
1697131142.3921664 -0.00500 0.00000 0 -70.000 -52.5231771 94.7979242
1697131142.3921664 -0.00500 0.00000 0 -70.000 -52.5231771 94.7979242
1697131142.3921664 -0.00500 0.00000 0 -70.000 -52.5231771 94.7979242
1697131142.3921664 -0.00500 0.00000 0 -70.000 -52.5231771 94.7979242
1697131153.721666 -0.01000 0.00000 0 -50.000 -47.3989621 99.92213919999999
1697131153.721666 -0.01000 0.00000 0 -50.000 -47.3989621 99.92213919999999
1697131153.721666 -0.01000 0.00000 1 -50.000 -47.3989621 99.92213919999999
1697131153.721666 -0.01000 0.00000 0 -50.000 -47.3989621 99.92213919999999
1697131153.721666 -0.01000 0.00000 0 -50.000 -47.3989621 99.92213919999999
1697131164.403994 -0.01000 0.00000 0 -60.000 -47.3989621 99.92213919999999
1697131164.403994 -0.01000 0.00000 0 -60.000 -47.3989621 99.92213919999999
1697131164.403994 -0.01000 0.00000 0 -60.000 -47.3989621 99.92213919999999
1697131164.403994 -0.01000 0.00000 0 -60.000 -47.3989621 99.92213919999999
1697131164.403994 -0.01000 0.00000 0 -60.000 -47.3989621 99.92213919999999
1697131174.4201307 -0.01000 0.00000 0 -70.000 -47.3989621 99.92213919999999
1697131174.4201307 -0.01000 0.00000 0 -70.000 -47.3989621 99.92213919999999
1697131174.4201307 -0.01000 0.00000 0 -70.000 -47.3989621 99.92213919999999
1697131174.4201307 -0.01000 0.00000 0 -70.000 -47.3989621 99.92213919999999
1697131174.4201307 -0.01000 0.00000 0 -70.000 -47.3989621 99.92213919999999
1697131185.6921291 -0.01500 0.00001 0 -50.000 -47.3989621 89.6737128
1697131185.6921291 -0.01500 0.00001 1 -50.000 -47.3989621 89.6737128
1697131185.6921291 -0.01500 0.00001 0 -50.000 -47.3989621 89.6737128
1697131185.6921291 -0.01500 0.00001 0 -50.000 -47.3989621 89.6737128
1697131185.6921291 -0.01500 0.00001 0 -50.000 -47.3989621 89.6737128
1697131196.3748565 -0.01500 0.00001 0 -60.000 -47.3989621 89.6737128
1697131196.3748565 -0.01500 0.00001 0 -60.000 -47.3989621 89.6737128
1697131196.3748565 -0.01500 0.00001 0 -60.000 -47.3989621 89.6737128
1697131196.3748565 -0.01500 0.00001 0 -60.000 -47.3989621 89.6737128
1697131196.3748565 -0.01500 0.00001 0 -60.000 -47.3989621 89.6737128
1697131206.3898768 -0.01500 0.00001 0 -70.000 -47.3989621 89.6737128
1697131206.3898768 -0.01500 0.00001 0 -70.000 -47.3989621 89.6737128
1697131206.3898768 -0.01500 0.00001 0 -70.000 -47.3989621 89.6737128
1697131206.3898768 -0.01500 0.00001 0 -70.000 -47.3989621 89.6737128
1697131206.3898768 -0.01500 0.00001 0 -70.000 -47.3989621 89.6737128
1697131217.6745796 -0.02000 -0.00000 0 -50.000 -47.3989621 89.6737128
1697131217.6745796 -0.02000 -0.00000 0 -50.000 -47.3989621 89.6737128
1697131217.6745796 -0.02000 -0.00000 0 -50.000 -47.3989621 89.6737128
1697131217.6745796 -0.02000 -0.00000 1 -50.000 -47.3989621 89.6737128
1697131217.6745796 -0.02000 -0.00000 0 -50.000 -47.3989621 89.6737128
1697131228.345885 -0.02000 -0.00000 0 -60.000 -47.3989621 89.6737128
1697131228.345885 -0.02000 -0.00000 0 -60.000 -47.3989621 89.6737128
1697131228.345885 -0.02000 -0.00000 0 -60.000 -47.3989621 89.6737128
1697131228.345885 -0.02000 -0.00000 0 -60.000 -47.3989621 89.6737128
1697131228.345885 -0.02000 -0.00000 0 -60.000 -47.3989621 89.6737128
1697131239.7193367 -0.02500 -0.00000 1 -50.000 -47.3989621 94.7979242
1697131239.7193367 -0.02500 -0.00000 1 -50.000 -47.3989621 94.7979242
1697131239.7193367 -0.02500 -0.00000 0 -50.000 -47.3989621 94.7979242
1697131239.7193367 -0.02500 -0.00000 2 -50.000 -47.3989621 94.7979242
1697131239.7193367 -0.02500 -0.00000 0 -50.000 -47.3989621 94.7979242
1697131250.395037 -0.02500 -0.00000 0 -60.000 -47.3989621 94.7979242
1697131250.395037 -0.02500 -0.00000 0 -60.000 -47.3989621 94.7979242
1697131250.395037 -0.02500 -0.00000 0 -60.000 -47.3989621 94.7979242
1697131250.395037 -0.02500 -0.00000 0 -60.000 -47.3989621 94.7979242
1697131250.395037 -0.02500 -0.00000 0 -60.000 -47.3989621 94.7979242
1697131260.4168491 -0.02500 -0.00000 0 -70.000 -47.3989621 94.7979242
1697131260.4168491 -0.02500 -0.00000 0 -70.000 -47.3989621 94.7979242
1697131260.4168491 -0.02500 -0.00000 0 -70.000 -47.3989621 94.7979242
1697131260.4168491 -0.02500 -0.00000 0 -70.000 -47.3989621 94.7979242
1697131260.4168491 -0.02500 -0.00000 0 -70.000 -47.3989621 94.7979242
1697131271.5917578 -0.03000 0.00000 0 -50.000 -47.3989621 89.6737128
1697131271.5917578 -0.03000 0.00000 1 -50.000 -47.3989621 89.6737128
1697131271.5917578 -0.03000 0.00000 0 -50.000 -47.3989621 89.6737128
1697131271.5917578 -0.03000 0.00000 1 -50.000 -47.3989621 89.6737128
1697131271.5917578 -0.03000 0.00000 0 -50.000 -47.3989621 89.6737128
1697131282.3847642 -0.03000 0.00000 0 -60.000 -47.3989621 89.6737128
1697131282.3847642 -0.03000 0.00000 0 -60.000 -47.3989621 89.6737128
1697131282.3847642 -0.03000 0.00000 0 -60.000 -47.3989621 89.6737128
1697131282.3847642 -0.03000 0.00000 0 -60.000 -47.3989621 89.6737128
1697131282.3847642 -0.03000 0.00000 0 -60.000 -47.3989621 89.6737128
1697131292.386958 -0.03000 0.00000 0 -70.000 -47.3989621 89.6737128
1697131292.386958 -0.03000 0.00000 0 -70.000 -47.3989621 89.6737128
1697131292.386958 -0.03000 0.00000 0 -70.000 -47.3989621 89.6737128
1697131292.386958 -0.03000 0.00000 0 -70.000 -47.3989621 89.6737128
1697131292.386958 -0.03000 0.00000 0 -70.000 -47.3989621 89.6737128
1697131303.765125 -0.03500 0.00000 0 -50.000 -47.3989621 94.7979242
1697131303.765125 -0.03500 0.00000 0 -50.000 -47.3989621 94.7979242
1697131303.765125 -0.03500 0.00000 1 -50.000 -47.3989621 94.7979242
1697131303.765125 -0.03500 0.00000 0 -50.000 -47.3989621 94.7979242
1697131303.765125 -0.03500 0.00000 0 -50.000 -47.3989621 94.7979242
1697131314.343739 -0.03500 0.00000 0 -60.000 -47.3989621 94.7979242
1697131314.343739 -0.03500 0.00000 0 -60.000 -47.3989621 94.7979242
1697131314.343739 -0.03500 0.00000 0 -60.000 -47.3989621 94.7979242
1697131314.343739 -0.03500 0.00000 0 -60.000 -47.3989621 94.7979242
1697131314.343739 -0.03500 0.00000 0 -60.000 -47.3989621 94.7979242
1697131324.359418 -0.03500 0.00000 0 -70.000 -47.3989621 94.7979242
1697131324.359418 -0.03500 0.00000 0 -70.000 -47.3989621 94.7979242
1697131324.359418 -0.03500 0.00000 0 -70.000 -47.3989621 94.7979242
1697131324.359418 -0.03500 0.00000 0 -70.000 -47.3989621 94.7979242
1697131324.359418 -0.03500 0.00000 0 -70.000 -47.3989621 94.7979242
1697131335.632205 -0.04000 -0.00000 0 -50.000 -52.5231771 99.92213919999999
1697131335.632205 -0.04000 -0.00000 2 -50.000 -52.5231771 99.92213919999999
1697131335.632205 -0.04000 -0.00000 1 -50.000 -52.5231771 99.92213919999999
1697131335.632205 -0.04000 -0.00000 0 -50.000 -52.5231771 99.92213919999999
1697131335.632205 -0.04000 -0.00000 1 -50.000 -52.5231771 99.92213919999999
1697131346.4143534 -0.04000 -0.00000 0 -60.000 -52.5231771 99.92213919999999
1697131346.4143534 -0.04000 -0.00000 0 -60.000 -52.5231771 99.92213919999999
1697131346.4143534 -0.04000 -0.00000 0 -60.000 -52.5231771 99.92213919999999
1697131346.4143534 -0.04000 -0.00000 0 -60.000 -52.5231771 99.92213919999999
1697131346.4143534 -0.04000 -0.00000 0 -60.000 -52.5231771 99.92213919999999
1697131356.317915 -0.04000 -0.00000 0 -70.000 -52.5231771 99.92213919999999
1697131356.317915 -0.04000 -0.00000 0 -70.000 -52.5231771 99.92213919999999
1697131356.317915 -0.04000 -0.00000 0 -70.000 -52.5231771 99.92213919999999
1697131356.317915 -0.04000 -0.00000 0 -70.000 -52.5231771 99.92213919999999
1697131356.317915 -0.04000 -0.00000 0 -70.000 -52.5231771 99.92213919999999
1697131367.7035787 -0.04500 0.00000 0 -50.000 -52.5231771 94.79792789999999
1697131367.7035787 -0.04500 0.00000 0 -50.000 -52.5231771 94.79792789999999
1697131367.7035787 -0.04500 0.00000 0 -50.000 -52.5231771 94.79792789999999
1697131367.7035787 -0.04500 0.00000 1 -50.000 -52.5231771 94.79792789999999
1697131367.7035787 -0.04500 0.00000 0 -50.000 -52.5231771 94.79792789999999
1697131378.3869746 -0.04500 0.00000 0 -60.000 -52.5231771 94.79792789999999
1697131378.3869746 -0.04500 0.00000 0 -60.000 -52.5231771 94.79792789999999
1697131378.3869746 -0.04500 0.00000 0 -60.000 -52.5231771 94.79792789999999
1697131378.3869746 -0.04500 0.00000 0 -60.000 -52.5231771 94.79792789999999
1697131378.3869746 -0.04500 0.00000 0 -60.000 -52.5231771 94.79792789999999
1697131388.3917503 -0.04500 0.00000 0 -70.000 -52.5231771 94.79792789999999
1697131388.3917503 -0.04500 0.00000 0 -70.000 -52.5231771 94.79792789999999
1697131388.3917503 -0.04500 0.00000 0 -70.000 -52.5231771 94.79792789999999
1697131388.3917503 -0.04500 0.00000 0 -70.000 -52.5231771 94.79792789999999
1697131388.3917503 -0.04500 0.00000 0 -70.000 -52.5231771 94.79792789999999
1697131399.673375 -0.05000 -0.00000 0 -50.000 -52.5231771 94.7979242
1697131399.673375 -0.05000 -0.00000 0 -50.000 -52.5231771 94.7979242
1697131399.673375 -0.05000 -0.00000 2 -50.000 -52.5231771 94.7979242
1697131399.673375 -0.05000 -0.00000 0 -50.000 -52.5231771 94.7979242
1697131399.673375 -0.05000 -0.00000 0 -50.000 -52.5231771 94.7979242
1697131410.3422573 -0.05000 -0.00000 0 -60.000 -52.5231771 94.7979242
1697131410.3422573 -0.05000 -0.00000 0 -60.000 -52.5231771 94.7979242
1697131410.3422573 -0.05000 -0.00000 0 -60.000 -52.5231771 94.7979242
1697131410.3422573 -0.05000 -0.00000 0 -60.000 -52.5231771 94.7979242
1697131410.3422573 -0.05000 -0.00000 0 -60.000 -52.5231771 94.7979242
1697131420.3595505 -0.05000 -0.00000 0 -70.000 -52.5231771 94.7979242
1697131420.3595505 -0.05000 -0.00000 0 -70.000 -52.5231771 94.7979242
1697131420.3595505 -0.05000 -0.00000 0 -70.000 -52.5231771 94.7979242
1697131420.3595505 -0.05000 -0.00000 0 -70.000 -52.5231771 94.7979242
1697131420.3595505 -0.05000 -0.00000 0 -70.000 -52.5231771 94.7979242
1697131431.7443058 -0.05500 0.00001 1 -50.000 -57.6473884 99.92213919999999
1697131431.7443058 -0.05500 0.00001 2 -50.000 -57.6473884 99.92213919999999
1697131431.7443058 -0.05500 0.00001 0 -50.000 -57.6473884 99.92213919999999
1697131431.7443058 -0.05500 0.00001 0 -50.000 -57.6473884 99.92213919999999
1697131431.7443058 -0.05500 0.00001 0 -50.000 -57.6473884 99.92213919999999
1697131442.3126702 -0.05500 0.00001 0 -60.000 -57.6473884 99.92213919999999
1697131442.3126702 -0.05500 0.00001 0 -60.000 -57.6473884 99.92213919999999
1697131442.3126702 -0.05500 0.00001 0 -60.000 -57.6473884 99.92213919999999
1697131442.3126702 -0.05500 0.00001 0 -60.000 -57.6473884 99.92213919999999
1697131442.3126702 -0.05500 0.00001 0 -60.000 -57.6473884 99.92213919999999
1697131452.3299656 -0.05500 0.00001 0 -70.000 -57.6473884 99.92213919999999
1697131452.3299656 -0.05500 0.00001 0 -70.000 -57.6473884 99.92213919999999
1697131452.3299656 -0.05500 0.00001 0 -70.000 -57.6473884 99.92213919999999
1697131452.3299656 -0.05500 0.00001 0 -70.000 -57.6473884 99.92213919999999
1697131452.3299656 -0.05500 0.00001 0 -70.000 -57.6473884 99.92213919999999
1697131463.6152506 -0.06000 0.00000 0 -50.000 -52.5231771 89.6737128
1697131463.6152506 -0.06000 0.00000 2 -50.000 -52.5231771 89.6737128
1697131463.6152506 -0.06000 0.00000 0 -50.000 -52.5231771 89.6737128
1697131463.6152506 -0.06000 0.00000 0 -50.000 -52.5231771 89.6737128
1697131463.6152506 -0.06000 0.00000 0 -50.000 -52.5231771 89.6737128
1697131474.3975568 -0.06000 0.00000 0 -60.000 -52.5231771 89.6737128
1697131474.3975568 -0.06000 0.00000 0 -60.000 -52.5231771 89.6737128
1697131474.3975568 -0.06000 0.00000 0 -60.000 -52.5231771 89.6737128
1697131474.3975568 -0.06000 0.00000 0 -60.000 -52.5231771 89.6737128
1697131474.3975568 -0.06000 0.00000 0 -60.000 -52.5231771 89.6737128
1697131484.4151828 -0.06000 0.00000 0 -70.000 -52.5231771 89.6737128
1697131484.4151828 -0.06000 0.00000 0 -70.000 -52.5231771 89.6737128
1697131484.4151828 -0.06000 0.00000 0 -70.000 -52.5231771 89.6737128
1697131484.4151828 -0.06000 0.00000 0 -70.000 -52.5231771 89.6737128
1697131484.4151828 -0.06000 0.00000 0 -70.000 -52.5231771 89.6737128
1697131495.6862333 -0.06500 0.00000 0 -50.000 -57.6473884 94.7979242
1697131495.6862333 -0.06500 0.00000 2 -50.000 -57.6473884 94.7979242
1697131495.6862333 -0.06500 0.00000 1 -50.000 -57.6473884 94.7979242
1697131495.6862333 -0.06500 0.00000 0 -50.000 -57.6473884 94.7979242
1697131495.6862333 -0.06500 0.00000 0 -50.000 -57.6473884 94.7979242
1697131506.3683567 -0.06500 0.00000 0 -60.000 -57.6473884 94.7979242
1697131506.3683567 -0.06500 0.00000 0 -60.000 -57.6473884 94.7979242
1697131506.3683567 -0.06500 0.00000 0 -60.000 -57.6473884 94.7979242
1697131506.3683567 -0.06500 0.00000 0 -60.000 -57.6473884 94.7979242
1697131506.3683567 -0.06500 0.00000 0 -60.000 -57.6473884 94.7979242
1697131516.382743 -0.06500 0.00000 0 -70.000 -57.6473884 94.7979242
1697131516.382743 -0.06500 0.00000 0 -70.000 -57.6473884 94.7979242
1697131516.382743 -0.06500 0.00000 0 -70.000 -57.6473884 94.7979242
1697131516.382743 -0.06500 0.00000 0 -70.000 -57.6473884 94.7979242
1697131516.382743 -0.06500 0.00000 0 -70.000 -57.6473884 94.7979242
1697131527.6564944 -0.07000 0.00000 0 -50.000 -57.6473884 94.7979242
1697131527.6564944 -0.07000 0.00000 0 -50.000 -57.6473884 94.7979242
1697131527.6564944 -0.07000 0.00000 1 -50.000 -57.6473884 94.7979242
1697131527.6564944 -0.07000 0.00000 0 -50.000 -57.6473884 94.7979242
1697131527.6564944 -0.07000 0.00000 1 -50.000 -57.6473884 94.7979242
1697131538.3258257 -0.07000 0.00000 0 -60.000 -57.6473884 94.7979242
1697131538.3258257 -0.07000 0.00000 0 -60.000 -57.6473884 94.7979242
1697131538.3258257 -0.07000 0.00000 0 -60.000 -57.6473884 94.7979242
1697131538.3258257 -0.07000 0.00000 0 -60.000 -57.6473884 94.7979242
1697131538.3258257 -0.07000 0.00000 0 -60.000 -57.6473884 94.7979242
1697131548.354083 -0.07000 0.00000 0 -70.000 -57.6473884 94.7979242
1697131548.354083 -0.07000 0.00000 0 -70.000 -57.6473884 94.7979242
1697131548.354083 -0.07000 0.00000 0 -70.000 -57.6473884 94.7979242
1697131548.354083 -0.07000 0.00000 0 -70.000 -57.6473884 94.7979242
1697131548.354083 -0.07000 0.00000 0 -70.000 -57.6473884 94.7979242
1697131559.7279716 -0.07500 0.00000 1 -50.000 -57.6473884 99.92213919999999
1697131559.7279716 -0.07500 0.00000 1 -50.000 -57.6473884 99.92213919999999
1697131559.7279716 -0.07500 0.00000 0 -50.000 -57.6473884 99.92213919999999
1697131559.7279716 -0.07500 0.00000 0 -50.000 -57.6473884 99.92213919999999
1697131559.7279716 -0.07500 0.00000 0 -50.000 -57.6473884 99.92213919999999
1697131570.4102054 -0.07500 0.00000 0 -60.000 -57.6473884 99.92213919999999
1697131570.4102054 -0.07500 0.00000 0 -60.000 -57.6473884 99.92213919999999
1697131570.4102054 -0.07500 0.00000 0 -60.000 -57.6473884 99.92213919999999
1697131570.4102054 -0.07500 0.00000 0 -60.000 -57.6473884 99.92213919999999
1697131570.4102054 -0.07500 0.00000 0 -60.000 -57.6473884 99.92213919999999
1697131580.313441 -0.07500 0.00000 0 -70.000 -57.6473884 99.92213919999999
1697131580.313441 -0.07500 0.00000 0 -70.000 -57.6473884 99.92213919999999
1697131580.313441 -0.07500 0.00000 0 -70.000 -57.6473884 99.92213919999999
1697131580.313441 -0.07500 0.00000 0 -70.000 -57.6473884 99.92213919999999
1697131580.313441 -0.07500 0.00000 0 -70.000 -57.6473884 99.92213919999999
1697131591.6995873 -0.08000 0.00000 0 -50.000 -57.6473884 89.6737128
1697131591.6995873 -0.08000 0.00000 0 -50.000 -57.6473884 89.6737128
1697131591.6995873 -0.08000 0.00000 0 -50.000 -57.6473884 89.6737128
1697131591.6995873 -0.08000 0.00000 1 -50.000 -57.6473884 89.6737128
1697131591.6995873 -0.08000 0.00000 0 -50.000 -57.6473884 89.6737128
1697131602.3691397 -0.08000 0.00000 0 -60.000 -57.6473884 89.6737128
1697131602.3691397 -0.08000 0.00000 0 -60.000 -57.6473884 89.6737128
1697131602.3691397 -0.08000 0.00000 0 -60.000 -57.6473884 89.6737128
1697131602.3691397 -0.08000 0.00000 0 -60.000 -57.6473884 89.6737128
1697131602.3691397 -0.08000 0.00000 0 -60.000 -57.6473884 89.6737128
1697131612.3973308 -0.08000 0.00000 0 -70.000 -57.6473884 89.6737128
1697131612.3973308 -0.08000 0.00000 0 -70.000 -57.6473884 89.6737128
1697131612.3973308 -0.08000 0.00000 0 -70.000 -57.6473884 89.6737128
1697131612.3973308 -0.08000 0.00000 0 -70.000 -57.6473884 89.6737128
1697131612.3973308 -0.08000 0.00000 0 -70.000 -57.6473884 89.6737128
1697131623.669495 -0.08500 0.00000 0 -50.000 -57.6473884 94.7979242
1697131623.669495 -0.08500 0.00000 1 -50.000 -57.6473884 94.7979242
1697131623.669495 -0.08500 0.00000 0 -50.000 -57.6473884 94.7979242
1697131623.669495 -0.08500 0.00000 0 -50.000 -57.6473884 94.7979242
1697131623.669495 -0.08500 0.00000 1 -50.000 -57.6473884 94.7979242
1697131634.3389263 -0.08500 0.00000 0 -60.000 -57.6473884 94.7979242
1697131634.3389263 -0.08500 0.00000 0 -60.000 -57.6473884 94.7979242
1697131634.3389263 -0.08500 0.00000 0 -60.000 -57.6473884 94.7979242
1697131634.3389263 -0.08500 0.00000 0 -60.000 -57.6473884 94.7979242
1697131634.3389263 -0.08500 0.00000 0 -60.000 -57.6473884 94.7979242
1697131644.3684587 -0.08500 0.00000 0 -70.000 -57.6473884 94.7979242
1697131644.3684587 -0.08500 0.00000 0 -70.000 -57.6473884 94.7979242
1697131644.3684587 -0.08500 0.00000 0 -70.000 -57.6473884 94.7979242
1697131644.3684587 -0.08500 0.00000 0 -70.000 -57.6473884 94.7979242
1697131644.3684587 -0.08500 0.00000 0 -70.000 -57.6473884 94.7979242
1697131655.639939 -0.09000 0.00000 1 -50.000 -52.5231771 99.92213919999999
1697131655.639939 -0.09000 0.00000 0 -50.000 -52.5231771 99.92213919999999
1697131655.639939 -0.09000 0.00000 0 -50.000 -52.5231771 99.92213919999999
1697131655.639939 -0.09000 0.00000 0 -50.000 -52.5231771 99.92213919999999
1697131655.639939 -0.09000 0.00000 1 -50.000 -52.5231771 99.92213919999999
1697131666.3089416 -0.09000 0.00000 0 -60.000 -52.5231771 99.92213919999999
1697131666.3089416 -0.09000 0.00000 0 -60.000 -52.5231771 99.92213919999999
1697131666.3089416 -0.09000 0.00000 0 -60.000 -52.5231771 99.92213919999999
1697131666.3089416 -0.09000 0.00000 0 -60.000 -52.5231771 99.92213919999999
1697131666.3089416 -0.09000 0.00000 0 -60.000 -52.5231771 99.92213919999999
1697131676.3257718 -0.09000 0.00000 0 -70.000 -52.5231771 99.92213919999999
1697131676.3257718 -0.09000 0.00000 0 -70.000 -52.5231771 99.92213919999999
1697131676.3257718 -0.09000 0.00000 0 -70.000 -52.5231771 99.92213919999999
1697131676.3257718 -0.09000 0.00000 0 -70.000 -52.5231771 99.92213919999999
1697131676.3257718 -0.09000 0.00000 0 -70.000 -52.5231771 99.92213919999999
1697131687.6111555 -0.09500 0.00000 0 -50.000 -47.3989621 94.79792789999999
1697131687.6111555 -0.09500 0.00000 0 -50.000 -47.3989621 94.79792789999999
1697131687.6111555 -0.09500 0.00000 0 -50.000 -47.3989621 94.79792789999999
1697131687.6111555 -0.09500 0.00000 1 -50.000 -47.3989621 94.79792789999999
1697131687.6111555 -0.09500 0.00000 0 -50.000 -47.3989621 94.79792789999999
1697131698.393473 -0.09500 0.00000 0 -60.000 -47.3989621 94.79792789999999
1697131698.393473 -0.09500 0.00000 0 -60.000 -47.3989621 94.79792789999999
1697131698.393473 -0.09500 0.00000 0 -60.000 -47.3989621 94.79792789999999
1697131698.393473 -0.09500 0.00000 0 -60.000 -47.3989621 94.79792789999999
1697131698.393473 -0.09500 0.00000 0 -60.000 -47.3989621 94.79792789999999
1697131708.396354 -0.09500 0.00000 0 -70.000 -47.3989621 94.79792789999999
1697131708.396354 -0.09500 0.00000 0 -70.000 -47.3989621 94.79792789999999
1697131708.396354 -0.09500 0.00000 0 -70.000 -47.3989621 94.79792789999999
1697131708.396354 -0.09500 0.00000 0 -70.000 -47.3989621 94.79792789999999
1697131708.396354 -0.09500 0.00000 0 -70.000 -47.3989621 94.79792789999999
1697131719.6819565 -0.10000 0.00000 0 -50.000 -78.1442374 94.7979242
1697131719.6819565 -0.10000 0.00000 0 -50.000 -78.1442374 94.7979242
1697131719.6819565 -0.10000 0.00000 0 -50.000 -78.1442374 94.7979242
1697131719.6819565 -0.10000 0.00000 0 -50.000 -78.1442374 94.7979242
1697131719.6819565 -0.10000 0.00000 0 -50.000 -78.1442374 94.7979242
1697131730.363747 -0.10000 0.00000 0 -60.000 -78.1442374 94.7979242
1697131730.363747 -0.10000 0.00000 0 -60.000 -78.1442374 94.7979242
1697131730.363747 -0.10000 0.00000 0 -60.000 -78.1442374 94.7979242
1697131730.363747 -0.10000 0.00000 0 -60.000 -78.1442374 94.7979242
1697131730.363747 -0.10000 0.00000 0 -60.000 -78.1442374 94.7979242
1697131740.3806329 -0.10000 0.00000 0 -70.000 -78.1442374 94.7979242
1697131740.3806329 -0.10000 0.00000 0 -70.000 -78.1442374 94.7979242
1697131740.3806329 -0.10000 0.00000 0 -70.000 -78.1442374 94.7979242
1697131740.3806329 -0.10000 0.00000 0 -70.000 -78.1442374 94.7979242
1697131740.3806329 -0.10000 0.00000 0 -70.000 -78.1442374 94.7979242
1697131751.652943 -0.10500 0.00000 0 -50.000 -52.5231771 94.79792789999999
1697131751.652943 -0.10500 0.00000 1 -50.000 -52.5231771 94.79792789999999
1697131751.652943 -0.10500 0.00000 1 -50.000 -52.5231771 94.79792789999999
1697131751.652943 -0.10500 0.00000 0 -50.000 -52.5231771 94.79792789999999
1697131751.652943 -0.10500 0.00000 2 -50.000 -52.5231771 94.79792789999999
1697131762.322511 -0.10500 0.00000 0 -60.000 -52.5231771 94.79792789999999
1697131762.322511 -0.10500 0.00000 0 -60.000 -52.5231771 94.79792789999999
1697131762.322511 -0.10500 0.00000 0 -60.000 -52.5231771 94.79792789999999
1697131762.322511 -0.10500 0.00000 0 -60.000 -52.5231771 94.79792789999999
1697131762.322511 -0.10500 0.00000 0 -60.000 -52.5231771 94.79792789999999
1697131772.339408 -0.10500 0.00000 0 -70.000 -52.5231771 94.79792789999999
1697131772.339408 -0.10500 0.00000 0 -70.000 -52.5231771 94.79792789999999
1697131772.339408 -0.10500 0.00000 0 -70.000 -52.5231771 94.79792789999999
1697131772.339408 -0.10500 0.00000 0 -70.000 -52.5231771 94.79792789999999
1697131772.339408 -0.10500 0.00000 0 -70.000 -52.5231771 94.79792789999999
1697131783.7247772 -0.11000 0.00000 0 -50.000 -88.39265999999999 105.046354
1697131783.7247772 -0.11000 0.00000 1 -50.000 -88.39265999999999 105.046354
1697131783.7247772 -0.11000 0.00000 0 -50.000 -88.39265999999999 105.046354
1697131783.7247772 -0.11000 0.00000 1 -50.000 -88.39265999999999 105.046354
1697131783.7247772 -0.11000 0.00000 1 -50.000 -88.39265999999999 105.046354
1697131794.4179256 -0.11000 0.00000 0 -60.000 -88.39265999999999 105.046354
1697131794.4179256 -0.11000 0.00000 0 -60.000 -88.39265999999999 105.046354
1697131794.4179256 -0.11000 0.00000 0 -60.000 -88.39265999999999 105.046354
1697131794.4179256 -0.11000 0.00000 0 -60.000 -88.39265999999999 105.046354
1697131794.4179256 -0.11000 0.00000 0 -60.000 -88.39265999999999 105.046354
1697131804.3100734 -0.11000 0.00000 0 -70.000 -88.39265999999999 105.046354
1697131804.3100734 -0.11000 0.00000 0 -70.000 -88.39265999999999 105.046354
1697131804.3100734 -0.11000 0.00000 0 -70.000 -88.39265999999999 105.046354
1697131804.3100734 -0.11000 0.00000 0 -70.000 -88.39265999999999 105.046354
1697131804.3100734 -0.11000 0.00000 0 -70.000 -88.39265999999999 105.046354
1697131815.6965568 -0.11500 0.00000 1 -50.000 -52.5231771 94.79792789999999
1697131815.6965568 -0.11500 0.00000 1 -50.000 -52.5231771 94.79792789999999
1697131815.6965568 -0.11500 0.00000 1 -50.000 -52.5231771 94.79792789999999
1697131815.6965568 -0.11500 0.00000 0 -50.000 -52.5231771 94.79792789999999
1697131815.6965568 -0.11500 0.00000 1 -50.000 -52.5231771 94.79792789999999
1697131826.377488 -0.11500 0.00000 0 -60.000 -52.5231771 94.79792789999999
1697131826.377488 -0.11500 0.00000 0 -60.000 -52.5231771 94.79792789999999
1697131826.377488 -0.11500 0.00000 0 -60.000 -52.5231771 94.79792789999999
1697131826.377488 -0.11500 0.00000 0 -60.000 -52.5231771 94.79792789999999
1697131826.377488 -0.11500 0.00000 0 -60.000 -52.5231771 94.79792789999999
1697131836.395272 -0.11500 0.00000 0 -70.000 -52.5231771 94.79792789999999
1697131836.395272 -0.11500 0.00000 0 -70.000 -52.5231771 94.79792789999999
1697131836.395272 -0.11500 0.00000 0 -70.000 -52.5231771 94.79792789999999
1697131836.395272 -0.11500 0.00000 0 -70.000 -52.5231771 94.79792789999999
1697131836.395272 -0.11500 0.00000 0 -70.000 -52.5231771 94.79792789999999
1697131847.7684696 -0.12000 0.00000 0 -50.000 -103.76530100000001 99.92213919999999
1697131847.7684696 -0.12000 0.00000 0 -50.000 -103.76530100000001 99.92213919999999
1697131847.7684696 -0.12000 0.00000 1 -50.000 -103.76530100000001 99.92213919999999
1697131847.7684696 -0.12000 0.00000 1 -50.000 -103.76530100000001 99.92213919999999
1697131847.7684696 -0.12000 0.00000 0 -50.000 -103.76530100000001 99.92213919999999
1697131858.3378825 -0.12000 0.00000 0 -60.000 -103.76530100000001 99.92213919999999
1697131858.3378825 -0.12000 0.00000 0 -60.000 -103.76530100000001 99.92213919999999
1697131858.3378825 -0.12000 0.00000 0 -60.000 -103.76530100000001 99.92213919999999
1697131858.3378825 -0.12000 0.00000 0 -60.000 -103.76530100000001 99.92213919999999
1697131858.3378825 -0.12000 0.00000 0 -60.000 -103.76530100000001 99.92213919999999
1697131868.3774848 -0.12000 0.00000 0 -70.000 -103.76530100000001 99.92213919999999
1697131868.3774848 -0.12000 0.00000 0 -70.000 -103.76530100000001 99.92213919999999
1697131868.3774848 -0.12000 0.00000 0 -70.000 -103.76530100000001 99.92213919999999
1697131868.3774848 -0.12000 0.00000 0 -70.000 -103.76530100000001 99.92213919999999
1697131868.3774848 -0.12000 0.00000 0 -70.000 -103.76530100000001 99.92213919999999
1697131879.6376848 -0.12500 0.00000 0 -50.000 -78.1442374 99.92213919999999
1697131879.6376848 -0.12500 0.00000 0 -50.000 -78.1442374 99.92213919999999
1697131879.6376848 -0.12500 0.00000 1 -50.000 -78.1442374 99.92213919999999
1697131879.6376848 -0.12500 0.00000 0 -50.000 -78.1442374 99.92213919999999
1697131879.6376848 -0.12500 0.00000 1 -50.000 -78.1442374 99.92213919999999
1697131890.3071682 -0.12500 0.00000 0 -60.000 -78.1442374 99.92213919999999
1697131890.3071682 -0.12500 0.00000 0 -60.000 -78.1442374 99.92213919999999
1697131890.3071682 -0.12500 0.00000 0 -60.000 -78.1442374 99.92213919999999
1697131890.3071682 -0.12500 0.00000 0 -60.000 -78.1442374 99.92213919999999
1697131890.3071682 -0.12500 0.00000 0 -60.000 -78.1442374 99.92213919999999
1697131900.3238285 -0.12500 0.00000 0 -70.000 -78.1442374 99.92213919999999
1697131900.3238285 -0.12500 0.00000 0 -70.000 -78.1442374 99.92213919999999
1697131900.3238285 -0.12500 0.00000 0 -70.000 -78.1442374 99.92213919999999
1697131900.3238285 -0.12500 0.00000 0 -70.000 -78.1442374 99.92213919999999
1697131900.3238285 -0.12500 0.00000 0 -70.000 -78.1442374 99.92213919999999
1697131911.7102075 -0.13000 -0.00000 1 -50.000 -57.6473884 94.7979242
1697131911.7102075 -0.13000 -0.00000 0 -50.000 -57.6473884 94.7979242
1697131911.7102075 -0.13000 -0.00000 0 -50.000 -57.6473884 94.7979242
1697131911.7102075 -0.13000 -0.00000 1 -50.000 -57.6473884 94.7979242
1697131911.7102075 -0.13000 -0.00000 0 -50.000 -57.6473884 94.7979242
1697131922.3788264 -0.13000 -0.00000 0 -60.000 -57.6473884 94.7979242
1697131922.3788264 -0.13000 -0.00000 0 -60.000 -57.6473884 94.7979242
1697131922.3788264 -0.13000 -0.00000 0 -60.000 -57.6473884 94.7979242
1697131922.3788264 -0.13000 -0.00000 0 -60.000 -57.6473884 94.7979242
1697131922.3788264 -0.13000 -0.00000 0 -60.000 -57.6473884 94.7979242
1697131932.395147 -0.13000 -0.00000 0 -70.000 -57.6473884 94.7979242
1697131932.395147 -0.13000 -0.00000 0 -70.000 -57.6473884 94.7979242
1697131932.395147 -0.13000 -0.00000 0 -70.000 -57.6473884 94.7979242
1697131932.395147 -0.13000 -0.00000 0 -70.000 -57.6473884 94.7979242
1697131932.395147 -0.13000 -0.00000 0 -70.000 -57.6473884 94.7979242
1697131943.7813349 -0.13500 -0.00000 1 -50.000 -103.76530100000001 94.7979242
1697131943.7813349 -0.13500 -0.00000 0 -50.000 -103.76530100000001 94.7979242
1697131943.7813349 -0.13500 -0.00000 1 -50.000 -103.76530100000001 94.7979242
1697131943.7813349 -0.13500 -0.00000 0 -50.000 -103.76530100000001 94.7979242
1697131943.7813349 -0.13500 -0.00000 0 -50.000 -103.76530100000001 94.7979242
1697131954.3609967 -0.13500 -0.00000 0 -60.000 -103.76530100000001 94.7979242
1697131954.3609967 -0.13500 -0.00000 0 -60.000 -103.76530100000001 94.7979242
1697131954.3609967 -0.13500 -0.00000 0 -60.000 -103.76530100000001 94.7979242
1697131954.3609967 -0.13500 -0.00000 0 -60.000 -103.76530100000001 94.7979242
1697131954.3609967 -0.13500 -0.00000 0 -60.000 -103.76530100000001 94.7979242
1697131964.3895895 -0.13500 -0.00000 0 -70.000 -103.76530100000001 94.7979242
1697131964.3895895 -0.13500 -0.00000 0 -70.000 -103.76530100000001 94.7979242
1697131964.3895895 -0.13500 -0.00000 0 -70.000 -103.76530100000001 94.7979242
1697131964.3895895 -0.13500 -0.00000 0 -70.000 -103.76530100000001 94.7979242
1697131964.3895895 -0.13500 -0.00000 0 -70.000 -103.76530100000001 94.7979242
1697131975.6505733 -0.14000 0.00000 2 -50.000 -57.6473884 94.7979242
1697131975.6505733 -0.14000 0.00000 0 -50.000 -57.6473884 94.7979242
1697131975.6505733 -0.14000 0.00000 0 -50.000 -57.6473884 94.7979242
1697131975.6505733 -0.14000 0.00000 0 -50.000 -57.6473884 94.7979242
1697131975.6505733 -0.14000 0.00000 0 -50.000 -57.6473884 94.7979242
1697131986.3203046 -0.14000 0.00000 0 -60.000 -57.6473884 94.7979242
1697131986.3203046 -0.14000 0.00000 0 -60.000 -57.6473884 94.7979242
1697131986.3203046 -0.14000 0.00000 0 -60.000 -57.6473884 94.7979242
1697131986.3203046 -0.14000 0.00000 0 -60.000 -57.6473884 94.7979242
1697131986.3203046 -0.14000 0.00000 0 -60.000 -57.6473884 94.7979242
1697131996.3373284 -0.14000 0.00000 1 -70.000 -57.6473884 94.7979242
1697131996.3373284 -0.14000 0.00000 0 -70.000 -57.6473884 94.7979242
1697131996.3373284 -0.14000 0.00000 1 -70.000 -57.6473884 94.7979242
1697131996.3373284 -0.14000 0.00000 0 -70.000 -57.6473884 94.7979242
1697131996.3373284 -0.14000 0.00000 0 -70.000 -57.6473884 94.7979242
1697132007.7225423 -0.14500 0.00000 0 -50.000 -108.889513 94.7979242
1697132007.7225423 -0.14500 0.00000 2 -50.000 -108.889513 94.7979242
1697132007.7225423 -0.14500 0.00000 1 -50.000 -108.889513 94.7979242
1697132007.7225423 -0.14500 0.00000 1 -50.000 -108.889513 94.7979242
1697132007.7225423 -0.14500 0.00000 2 -50.000 -108.889513 94.7979242
1697132018.4030428 -0.14500 0.00000 0 -60.000 -108.889513 94.7979242
1697132018.4030428 -0.14500 0.00000 0 -60.000 -108.889513 94.7979242
1697132018.4030428 -0.14500 0.00000 0 -60.000 -108.889513 94.7979242
1697132018.4030428 -0.14500 0.00000 0 -60.000 -108.889513 94.7979242
1697132018.4030428 -0.14500 0.00000 0 -60.000 -108.889513 94.7979242
1697132028.3079283 -0.14500 0.00000 0 -70.000 -108.889513 94.7979242
1697132028.3079283 -0.14500 0.00000 0 -70.000 -108.889513 94.7979242
1697132028.3079283 -0.14500 0.00000 0 -70.000 -108.889513 94.7979242
1697132028.3079283 -0.14500 0.00000 0 -70.000 -108.889513 94.7979242
1697132028.3079283 -0.14500 0.00000 0 -70.000 -108.889513 94.7979242
1697132039.6940134 -0.15000 0.00000 1 -50.000 -88.39265999999999 89.6737128
1697132039.6940134 -0.15000 0.00000 1 -50.000 -88.39265999999999 89.6737128
1697132039.6940134 -0.15000 0.00000 0 -50.000 -88.39265999999999 89.6737128
1697132039.6940134 -0.15000 0.00000 1 -50.000 -88.39265999999999 89.6737128
1697132039.6940134 -0.15000 0.00000 0 -50.000 -88.39265999999999 89.6737128
1697132050.3636682 -0.15000 0.00000 0 -60.000 -88.39265999999999 89.6737128
1697132050.3636682 -0.15000 0.00000 0 -60.000 -88.39265999999999 89.6737128
1697132050.3636682 -0.15000 0.00000 0 -60.000 -88.39265999999999 89.6737128
1697132050.3636682 -0.15000 0.00000 0 -60.000 -88.39265999999999 89.6737128
1697132050.3636682 -0.15000 0.00000 0 -60.000 -88.39265999999999 89.6737128
1697132060.3923075 -0.15000 0.00000 0 -70.000 -88.39265999999999 89.6737128
1697132060.3923075 -0.15000 0.00000 0 -70.000 -88.39265999999999 89.6737128
1697132060.3923075 -0.15000 0.00000 0 -70.000 -88.39265999999999 89.6737128
1697132060.3923075 -0.15000 0.00000 0 -70.000 -88.39265999999999 89.6737128
1697132060.3923075 -0.15000 0.00000 0 -70.000 -88.39265999999999 89.6737128
1697132071.6642635 -0.15500 0.00000 0 -50.000 -57.6473884 89.6737128
1697132071.6642635 -0.15500 0.00000 2 -50.000 -57.6473884 89.6737128
1697132071.6642635 -0.15500 0.00000 1 -50.000 -57.6473884 89.6737128
1697132071.6642635 -0.15500 0.00000 0 -50.000 -57.6473884 89.6737128
1697132071.6642635 -0.15500 0.00000 0 -50.000 -57.6473884 89.6737128
1697132082.3451786 -0.15500 0.00000 0 -60.000 -57.6473884 89.6737128
1697132082.3451786 -0.15500 0.00000 0 -60.000 -57.6473884 89.6737128
1697132082.3451786 -0.15500 0.00000 0 -60.000 -57.6473884 89.6737128
1697132082.3451786 -0.15500 0.00000 0 -60.000 -57.6473884 89.6737128
1697132082.3451786 -0.15500 0.00000 1 -60.000 -57.6473884 89.6737128
1697132092.350996 -0.15500 0.00000 0 -70.000 -57.6473884 89.6737128
1697132092.350996 -0.15500 0.00000 0 -70.000 -57.6473884 89.6737128
1697132092.350996 -0.15500 0.00000 0 -70.000 -57.6473884 89.6737128
1697132092.350996 -0.15500 0.00000 1 -70.000 -57.6473884 89.6737128
1697132092.350996 -0.15500 0.00000 0 -70.000 -57.6473884 89.6737128
1697132103.6353607 -0.16000 0.00000 2 -50.000 -47.3989621 89.6737128
1697132103.6353607 -0.16000 0.00000 0 -50.000 -47.3989621 89.6737128
1697132103.6353607 -0.16000 0.00000 0 -50.000 -47.3989621 89.6737128
1697132103.6353607 -0.16000 0.00000 0 -50.000 -47.3989621 89.6737128
1697132103.6353607 -0.16000 0.00000 0 -50.000 -47.3989621 89.6737128
1697132114.3049245 -0.16000 0.00000 0 -60.000 -47.3989621 89.6737128
1697132114.3049245 -0.16000 0.00000 1 -60.000 -47.3989621 89.6737128
1697132114.3049245 -0.16000 0.00000 0 -60.000 -47.3989621 89.6737128
1697132114.3049245 -0.16000 0.00000 0 -60.000 -47.3989621 89.6737128
1697132114.3049245 -0.16000 0.00000 0 -60.000 -47.3989621 89.6737128
1697132124.3228126 -0.16000 0.00000 0 -70.000 -47.3989621 89.6737128
1697132124.3228126 -0.16000 0.00000 0 -70.000 -47.3989621 89.6737128
1697132124.3228126 -0.16000 0.00000 0 -70.000 -47.3989621 89.6737128
1697132124.3228126 -0.16000 0.00000 0 -70.000 -47.3989621 89.6737128
1697132124.3228126 -0.16000 0.00000 0 -70.000 -47.3989621 89.6737128
1697132135.7083912 -0.16500 -0.00000 1 -50.000 -124.262147 99.92213919999999
1697132135.7083912 -0.16500 -0.00000 0 -50.000 -124.262147 99.92213919999999
1697132135.7083912 -0.16500 -0.00000 0 -50.000 -124.262147 99.92213919999999
1697132135.7083912 -0.16500 -0.00000 0 -50.000 -124.262147 99.92213919999999
1697132135.7083912 -0.16500 -0.00000 0 -50.000 -124.262147 99.92213919999999
1697132146.275935 -0.16500 -0.00000 0 -60.000 -124.262147 99.92213919999999
1697132146.275935 -0.16500 -0.00000 0 -60.000 -124.262147 99.92213919999999
1697132146.275935 -0.16500 -0.00000 0 -60.000 -124.262147 99.92213919999999
1697132146.275935 -0.16500 -0.00000 0 -60.000 -124.262147 99.92213919999999
1697132146.275935 -0.16500 -0.00000 0 -60.000 -124.262147 99.92213919999999
1697132156.4176393 -0.16500 -0.00000 0 -70.000 -124.262147 99.92213919999999
1697132156.4176393 -0.16500 -0.00000 0 -70.000 -124.262147 99.92213919999999
1697132156.4176393 -0.16500 -0.00000 0 -70.000 -124.262147 99.92213919999999
1697132156.4176393 -0.16500 -0.00000 0 -70.000 -124.262147 99.92213919999999
1697132156.4176393 -0.16500 -0.00000 0 -70.000 -124.262147 99.92213919999999
1697132167.6787968 -0.17000 0.00000 1 -50.000 -78.1442374 89.6737128
1697132167.6787968 -0.17000 0.00000 1 -50.000 -78.1442374 89.6737128
1697132167.6787968 -0.17000 0.00000 0 -50.000 -78.1442374 89.6737128
1697132167.6787968 -0.17000 0.00000 0 -50.000 -78.1442374 89.6737128
1697132167.6787968 -0.17000 0.00000 0 -50.000 -78.1442374 89.6737128
1697132178.3484623 -0.17000 0.00000 1 -60.000 -78.1442374 89.6737128
1697132178.3484623 -0.17000 0.00000 0 -60.000 -78.1442374 89.6737128
1697132178.3484623 -0.17000 0.00000 0 -60.000 -78.1442374 89.6737128
1697132178.3484623 -0.17000 0.00000 0 -60.000 -78.1442374 89.6737128
1697132178.3484623 -0.17000 0.00000 0 -60.000 -78.1442374 89.6737128
1697132188.3767405 -0.17000 0.00000 0 -70.000 -78.1442374 89.6737128
1697132188.3767405 -0.17000 0.00000 1 -70.000 -78.1442374 89.6737128
1697132188.3767405 -0.17000 0.00000 0 -70.000 -78.1442374 89.6737128
1697132188.3767405 -0.17000 0.00000 0 -70.000 -78.1442374 89.6737128
1697132188.3767405 -0.17000 0.00000 1 -70.000 -78.1442374 89.6737128
1697132199.6489801 -0.17500 0.00000 1 -50.000 -52.5231771 99.92213919999999
1697132199.6489801 -0.17500 0.00000 0 -50.000 -52.5231771 99.92213919999999
1697132199.6489801 -0.17500 0.00000 0 -50.000 -52.5231771 99.92213919999999
1697132199.6489801 -0.17500 0.00000 1 -50.000 -52.5231771 99.92213919999999
1697132199.6489801 -0.17500 0.00000 2 -50.000 -52.5231771 99.92213919999999
1697132210.3184638 -0.17500 0.00000 0 -60.000 -52.5231771 99.92213919999999
1697132210.3184638 -0.17500 0.00000 0 -60.000 -52.5231771 99.92213919999999
1697132210.3184638 -0.17500 0.00000 1 -60.000 -52.5231771 99.92213919999999
1697132210.3184638 -0.17500 0.00000 0 -60.000 -52.5231771 99.92213919999999
1697132210.3184638 -0.17500 0.00000 1 -60.000 -52.5231771 99.92213919999999
1697132220.3354998 -0.17500 0.00000 0 -70.000 -52.5231771 99.92213919999999
1697132220.3354998 -0.17500 0.00000 0 -70.000 -52.5231771 99.92213919999999
1697132220.3354998 -0.17500 0.00000 0 -70.000 -52.5231771 99.92213919999999
1697132220.3354998 -0.17500 0.00000 0 -70.000 -52.5231771 99.92213919999999
1697132220.3354998 -0.17500 0.00000 0 -70.000 -52.5231771 99.92213919999999
1697132231.721919 -0.18000 0.00000 0 -50.000 -78.1442374 99.92213919999999
1697132231.721919 -0.18000 0.00000 1 -50.000 -78.1442374 99.92213919999999
1697132231.721919 -0.18000 0.00000 1 -50.000 -78.1442374 99.92213919999999
1697132231.721919 -0.18000 0.00000 1 -50.000 -78.1442374 99.92213919999999
1697132231.721919 -0.18000 0.00000 1 -50.000 -78.1442374 99.92213919999999
1697132242.4019625 -0.18000 0.00000 0 -60.000 -78.1442374 99.92213919999999
1697132242.4019625 -0.18000 0.00000 1 -60.000 -78.1442374 99.92213919999999
1697132242.4019625 -0.18000 0.00000 0 -60.000 -78.1442374 99.92213919999999
1697132242.4019625 -0.18000 0.00000 0 -60.000 -78.1442374 99.92213919999999
1697132242.4019625 -0.18000 0.00000 0 -60.000 -78.1442374 99.92213919999999
1697132252.3061583 -0.18000 0.00000 0 -70.000 -78.1442374 99.92213919999999
1697132252.3061583 -0.18000 0.00000 0 -70.000 -78.1442374 99.92213919999999
1697132252.3061583 -0.18000 0.00000 0 -70.000 -78.1442374 99.92213919999999
1697132252.3061583 -0.18000 0.00000 0 -70.000 -78.1442374 99.92213919999999
1697132252.3061583 -0.18000 0.00000 0 -70.000 -78.1442374 99.92213919999999
1697132263.6926374 -0.18500 -0.00000 1 -50.000 -119.137935 89.6737128
1697132263.6926374 -0.18500 -0.00000 2 -50.000 -119.137935 89.6737128
1697132263.6926374 -0.18500 -0.00000 1 -50.000 -119.137935 89.6737128
1697132263.6926374 -0.18500 -0.00000 0 -50.000 -119.137935 89.6737128
1697132263.6926374 -0.18500 -0.00000 0 -50.000 -119.137935 89.6737128
1697132274.3750536 -0.18500 -0.00000 1 -60.000 -119.137935 89.6737128
1697132274.3750536 -0.18500 -0.00000 0 -60.000 -119.137935 89.6737128
1697132274.3750536 -0.18500 -0.00000 0 -60.000 -119.137935 89.6737128
1697132274.3750536 -0.18500 -0.00000 0 -60.000 -119.137935 89.6737128
1697132274.3750536 -0.18500 -0.00000 2 -60.000 -119.137935 89.6737128
1697132284.3780856 -0.18500 -0.00000 0 -70.000 -119.137935 89.6737128
1697132284.3780856 -0.18500 -0.00000 0 -70.000 -119.137935 89.6737128
1697132284.3780856 -0.18500 -0.00000 1 -70.000 -119.137935 89.6737128
1697132284.3780856 -0.18500 -0.00000 0 -70.000 -119.137935 89.6737128
1697132284.3780856 -0.18500 -0.00000 1 -70.000 -119.137935 89.6737128
1697132295.663119 -0.19000 0.00000 3 -50.000 -57.6473884 89.6737128
1697132295.663119 -0.19000 0.00000 1 -50.000 -57.6473884 89.6737128
1697132295.663119 -0.19000 0.00000 0 -50.000 -57.6473884 89.6737128
1697132295.663119 -0.19000 0.00000 0 -50.000 -57.6473884 89.6737128
1697132295.663119 -0.19000 0.00000 0 -50.000 -57.6473884 89.6737128
1697132306.3457096 -0.19000 0.00000 2 -60.000 -57.6473884 89.6737128
1697132306.3457096 -0.19000 0.00000 1 -60.000 -57.6473884 89.6737128
1697132306.3457096 -0.19000 0.00000 1 -60.000 -57.6473884 89.6737128
1697132306.3457096 -0.19000 0.00000 2 -60.000 -57.6473884 89.6737128
1697132306.3457096 -0.19000 0.00000 1 -60.000 -57.6473884 89.6737128
1697132316.3611398 -0.19000 0.00000 0 -70.000 -57.6473884 89.6737128
1697132316.3611398 -0.19000 0.00000 0 -70.000 -57.6473884 89.6737128
1697132316.3611398 -0.19000 0.00000 0 -70.000 -57.6473884 89.6737128
1697132316.3611398 -0.19000 0.00000 0 -70.000 -57.6473884 89.6737128
1697132316.3611398 -0.19000 0.00000 0 -70.000 -57.6473884 89.6737128
1697132327.63401 -0.19500 0.00000 0 -50.000 -57.6473884 89.6737128
1697132327.63401 -0.19500 0.00000 1 -50.000 -57.6473884 89.6737128
1697132327.63401 -0.19500 0.00000 1 -50.000 -57.6473884 89.6737128
1697132327.63401 -0.19500 0.00000 2 -50.000 -57.6473884 89.6737128
1697132327.63401 -0.19500 0.00000 2 -50.000 -57.6473884 89.6737128
1697132338.3036804 -0.19500 0.00000 0 -60.000 -57.6473884 89.6737128
1697132338.3036804 -0.19500 0.00000 1 -60.000 -57.6473884 89.6737128
1697132338.3036804 -0.19500 0.00000 2 -60.000 -57.6473884 89.6737128
1697132338.3036804 -0.19500 0.00000 0 -60.000 -57.6473884 89.6737128
1697132338.3036804 -0.19500 0.00000 1 -60.000 -57.6473884 89.6737128
1697132348.320081 -0.19500 0.00000 3 -70.000 -57.6473884 89.6737128
1697132348.320081 -0.19500 0.00000 0 -70.000 -57.6473884 89.6737128
1697132348.320081 -0.19500 0.00000 2 -70.000 -57.6473884 89.6737128
1697132348.320081 -0.19500 0.00000 0 -70.000 -57.6473884 89.6737128
1697132348.320081 -0.19500 0.00000 0 -70.000 -57.6473884 89.6737128
1697132359.7059872 -0.20000 0.00000 0 -50.000 -139.63478800000001 130.66741100000002
1697132359.7059872 -0.20000 0.00000 2 -50.000 -139.63478800000001 130.66741100000002
1697132359.7059872 -0.20000 0.00000 2 -50.000 -139.63478800000001 130.66741100000002
1697132359.7059872 -0.20000 0.00000 0 -50.000 -139.63478800000001 130.66741100000002
1697132359.7059872 -0.20000 0.00000 0 -50.000 -139.63478800000001 130.66741100000002
1697132370.388376 -0.20000 0.00000 1 -60.000 -139.63478800000001 130.66741100000002
1697132370.388376 -0.20000 0.00000 0 -60.000 -139.63478800000001 130.66741100000002
1697132370.388376 -0.20000 0.00000 1 -60.000 -139.63478800000001 130.66741100000002
1697132370.388376 -0.20000 0.00000 1 -60.000 -139.63478800000001 130.66741100000002
1697132370.388376 -0.20000 0.00000 4 -60.000 -139.63478800000001 130.66741100000002
1697132380.3939092 -0.20000 0.00000 0 -70.000 -139.63478800000001 130.66741100000002
1697132380.3939092 -0.20000 0.00000 1 -70.000 -139.63478800000001 130.66741100000002
1697132380.3939092 -0.20000 0.00000 1 -70.000 -139.63478800000001 130.66741100000002
1697132380.3939092 -0.20000 0.00000 4 -70.000 -139.63478800000001 130.66741100000002
1697132380.3939092 -0.20000 0.00000 1 -70.000 -139.63478800000001 130.66741100000002
1697132391.5835438 -0.20500 0.00000 3 -50.000 -47.3989621 94.79792789999999
1697132391.5835438 -0.20500 0.00000 1 -50.000 -47.3989621 94.79792789999999
1697132391.5835438 -0.20500 0.00000 0 -50.000 -47.3989621 94.79792789999999
1697132391.5835438 -0.20500 0.00000 0 -50.000 -47.3989621 94.79792789999999
1697132391.5835438 -0.20500 0.00000 3 -50.000 -47.3989621 94.79792789999999
1697132402.361624 -0.20500 0.00000 2 -60.000 -47.3989621 94.79792789999999
1697132402.361624 -0.20500 0.00000 1 -60.000 -47.3989621 94.79792789999999
1697132402.361624 -0.20500 0.00000 1 -60.000 -47.3989621 94.79792789999999
1697132402.361624 -0.20500 0.00000 1 -60.000 -47.3989621 94.79792789999999
1697132402.361624 -0.20500 0.00000 1 -60.000 -47.3989621 94.79792789999999
1697132412.3642366 -0.20500 0.00000 1 -70.000 -47.3989621 94.79792789999999
1697132412.3642366 -0.20500 0.00000 2 -70.000 -47.3989621 94.79792789999999
1697132412.3642366 -0.20500 0.00000 2 -70.000 -47.3989621 94.79792789999999
1697132412.3642366 -0.20500 0.00000 0 -70.000 -47.3989621 94.79792789999999
1697132412.3642366 -0.20500 0.00000 5 -70.000 -47.3989621 94.79792789999999
1697132423.7485821 -0.21000 0.00000 1 -50.000 -139.63478800000001 99.92213919999999
1697132423.7485821 -0.21000 0.00000 2 -50.000 -139.63478800000001 99.92213919999999
1697132423.7485821 -0.21000 0.00000 0 -50.000 -139.63478800000001 99.92213919999999
1697132423.7485821 -0.21000 0.00000 1 -50.000 -139.63478800000001 99.92213919999999
1697132423.7485821 -0.21000 0.00000 3 -50.000 -139.63478800000001 99.92213919999999
1697132434.3279133 -0.21000 0.00000 3 -60.000 -139.63478800000001 99.92213919999999
1697132434.3279133 -0.21000 0.00000 2 -60.000 -139.63478800000001 99.92213919999999
1697132434.3279133 -0.21000 0.00000 2 -60.000 -139.63478800000001 99.92213919999999
1697132434.3279133 -0.21000 0.00000 1 -60.000 -139.63478800000001 99.92213919999999
1697132434.3279133 -0.21000 0.00000 1 -60.000 -139.63478800000001 99.92213919999999
1697132444.333521 -0.21000 0.00000 2 -70.000 -139.63478800000001 99.92213919999999
1697132444.333521 -0.21000 0.00000 2 -70.000 -139.63478800000001 99.92213919999999
1697132444.333521 -0.21000 0.00000 1 -70.000 -139.63478800000001 99.92213919999999
1697132444.333521 -0.21000 0.00000 1 -70.000 -139.63478800000001 99.92213919999999
1697132444.333521 -0.21000 0.00000 2 -70.000 -139.63478800000001 99.92213919999999
1697132455.7193294 -0.21500 0.00000 4 -50.000 -149.883211 125.54319899999999
1697132455.7193294 -0.21500 0.00000 3 -50.000 -149.883211 125.54319899999999
1697132455.7193294 -0.21500 0.00000 3 -50.000 -149.883211 125.54319899999999
1697132455.7193294 -0.21500 0.00000 2 -50.000 -149.883211 125.54319899999999
1697132455.7193294 -0.21500 0.00000 2 -50.000 -149.883211 125.54319899999999
1697132466.3999658 -0.21500 0.00000 4 -60.000 -149.883211 125.54319899999999
1697132466.3999658 -0.21500 0.00000 4 -60.000 -149.883211 125.54319899999999
1697132466.3999658 -0.21500 0.00000 2 -60.000 -149.883211 125.54319899999999
1697132466.3999658 -0.21500 0.00000 3 -60.000 -149.883211 125.54319899999999
1697132466.3999658 -0.21500 0.00000 0 -60.000 -149.883211 125.54319899999999
1697132476.3024848 -0.21500 0.00000 3 -70.000 -149.883211 125.54319899999999
1697132476.3024848 -0.21500 0.00000 3 -70.000 -149.883211 125.54319899999999
1697132476.3024848 -0.21500 0.00000 2 -70.000 -149.883211 125.54319899999999
1697132476.3024848 -0.21500 0.00000 3 -70.000 -149.883211 125.54319899999999
1697132476.3024848 -0.21500 0.00000 3 -70.000 -149.883211 125.54319899999999
1697132487.6950202 -0.22000 -0.00000 3 -50.000 -57.6473884 140.915833
1697132487.6950202 -0.22000 -0.00000 3 -50.000 -57.6473884 140.915833
1697132487.6950202 -0.22000 -0.00000 4 -50.000 -57.6473884 140.915833
1697132487.6950202 -0.22000 -0.00000 6 -50.000 -57.6473884 140.915833
1697132487.6950202 -0.22000 -0.00000 0 -50.000 -57.6473884 140.915833
1697132498.3691552 -0.22000 -0.00000 4 -60.000 -57.6473884 140.915833
1697132498.3691552 -0.22000 -0.00000 10 -60.000 -57.6473884 140.915833
1697132498.3691552 -0.22000 -0.00000 2 -60.000 -57.6473884 140.915833
1697132498.3691552 -0.22000 -0.00000 2 -60.000 -57.6473884 140.915833
1697132498.3691552 -0.22000 -0.00000 3 -60.000 -57.6473884 140.915833
1697132508.3769155 -0.22000 -0.00000 3 -70.000 -57.6473884 140.915833
1697132508.3769155 -0.22000 -0.00000 3 -70.000 -57.6473884 140.915833
1697132508.3769155 -0.22000 -0.00000 4 -70.000 -57.6473884 140.915833
1697132508.3769155 -0.22000 -0.00000 4 -70.000 -57.6473884 140.915833
1697132508.3769155 -0.22000 -0.00000 3 -70.000 -57.6473884 140.915833
1697132519.6575158 -0.22500 -0.00000 7 -50.000 -149.883211 135.791622
1697132519.6575158 -0.22500 -0.00000 1 -50.000 -149.883211 135.791622
1697132519.6575158 -0.22500 -0.00000 4 -50.000 -149.883211 135.791622
1697132519.6575158 -0.22500 -0.00000 3 -50.000 -149.883211 135.791622
1697132519.6575158 -0.22500 -0.00000 4 -50.000 -149.883211 135.791622
1697132530.3373394 -0.22500 -0.00000 3 -60.000 -149.883211 135.791622
1697132530.3373394 -0.22500 -0.00000 7 -60.000 -149.883211 135.791622
1697132530.3373394 -0.22500 -0.00000 4 -60.000 -149.883211 135.791622
1697132530.3373394 -0.22500 -0.00000 6 -60.000 -149.883211 135.791622
1697132530.3373394 -0.22500 -0.00000 5 -60.000 -149.883211 135.791622
1697132540.354152 -0.22500 -0.00000 4 -70.000 -149.883211 135.791622
1697132540.354152 -0.22500 -0.00000 7 -70.000 -149.883211 135.791622
1697132540.354152 -0.22500 -0.00000 1 -70.000 -149.883211 135.791622
1697132540.354152 -0.22500 -0.00000 5 -70.000 -149.883211 135.791622
1697132540.354152 -0.22500 -0.00000 3 -70.000 -149.883211 135.791622
1697132551.6277988 -0.23000 0.00000 6 -50.000 -57.6473884 110.170566
1697132551.6277988 -0.23000 0.00000 4 -50.000 -57.6473884 110.170566
1697132551.6277988 -0.23000 0.00000 5 -50.000 -57.6473884 110.170566
1697132551.6277988 -0.23000 0.00000 5 -50.000 -57.6473884 110.170566
1697132551.6277988 -0.23000 0.00000 8 -50.000 -57.6473884 110.170566
1697132562.2971845 -0.23000 0.00000 10 -60.000 -57.6473884 110.170566
1697132562.2971845 -0.23000 0.00000 2 -60.000 -57.6473884 110.170566
1697132562.2971845 -0.23000 0.00000 9 -60.000 -57.6473884 110.170566
1697132562.2971845 -0.23000 0.00000 3 -60.000 -57.6473884 110.170566
1697132562.2971845 -0.23000 0.00000 6 -60.000 -57.6473884 110.170566
1697132572.3696337 -0.23000 0.00000 4 -70.000 -57.6473884 110.170566
1697132572.3696337 -0.23000 0.00000 8 -70.000 -57.6473884 110.170566
1697132572.3696337 -0.23000 0.00000 5 -70.000 -57.6473884 110.170566
1697132572.3696337 -0.23000 0.00000 9 -70.000 -57.6473884 110.170566
1697132572.3696337 -0.23000 0.00000 8 -70.000 -57.6473884 110.170566
1697132583.7001565 -0.23500 0.00000 12 -50.000 -129.386365 110.170566
1697132583.7001565 -0.23500 0.00000 6 -50.000 -129.386365 110.170566
1697132583.7001565 -0.23500 0.00000 4 -50.000 -129.386365 110.170566
1697132583.7001565 -0.23500 0.00000 8 -50.000 -129.386365 110.170566
1697132583.7001565 -0.23500 0.00000 10 -50.000 -129.386365 110.170566
1697132594.379713 -0.23500 0.00000 8 -60.000 -129.386365 110.170566
1697132594.379713 -0.23500 0.00000 10 -60.000 -129.386365 110.170566
1697132594.379713 -0.23500 0.00000 4 -60.000 -129.386365 110.170566
1697132594.379713 -0.23500 0.00000 7 -60.000 -129.386365 110.170566
1697132594.379713 -0.23500 0.00000 7 -60.000 -129.386365 110.170566
1697132604.405052 -0.23500 0.00000 6 -70.000 -129.386365 110.170566
1697132604.405052 -0.23500 0.00000 4 -70.000 -129.386365 110.170566
1697132604.405052 -0.23500 0.00000 2 -70.000 -129.386365 110.170566
1697132604.405052 -0.23500 0.00000 7 -70.000 -129.386365 110.170566
1697132604.405052 -0.23500 0.00000 4 -70.000 -129.386365 110.170566
1697132615.6700974 -0.24000 0.00000 12 -50.000 -149.883211 146.04004500000002
1697132615.6700974 -0.24000 0.00000 7 -50.000 -149.883211 146.04004500000002
1697132615.6700974 -0.24000 0.00000 8 -50.000 -149.883211 146.04004500000002
1697132615.6700974 -0.24000 0.00000 9 -50.000 -149.883211 146.04004500000002
1697132615.6700974 -0.24000 0.00000 9 -50.000 -149.883211 146.04004500000002
1697132626.3515193 -0.24000 0.00000 9 -60.000 -149.883211 146.04004500000002
1697132626.3515193 -0.24000 0.00000 3 -60.000 -149.883211 146.04004500000002
1697132626.3515193 -0.24000 0.00000 5 -60.000 -149.883211 146.04004500000002
1697132626.3515193 -0.24000 0.00000 7 -60.000 -149.883211 146.04004500000002
1697132626.3515193 -0.24000 0.00000 9 -60.000 -149.883211 146.04004500000002
1697132636.3668764 -0.24000 0.00000 10 -70.000 -149.883211 146.04004500000002
1697132636.3668764 -0.24000 0.00000 2 -70.000 -149.883211 146.04004500000002
1697132636.3668764 -0.24000 0.00000 7 -70.000 -149.883211 146.04004500000002
1697132636.3668764 -0.24000 0.00000 13 -70.000 -149.883211 146.04004500000002
1697132636.3668764 -0.24000 0.00000 6 -70.000 -149.883211 146.04004500000002
1697132647.6403027 -0.24500 0.00000 8 -50.000 -144.758999 171.661116
1697132647.6403027 -0.24500 0.00000 13 -50.000 -144.758999 171.661116
1697132647.6403027 -0.24500 0.00000 7 -50.000 -144.758999 171.661116
1697132647.6403027 -0.24500 0.00000 13 -50.000 -144.758999 171.661116
1697132647.6403027 -0.24500 0.00000 4 -50.000 -144.758999 171.661116
1697132658.3085866 -0.24500 0.00000 14 -60.000 -144.758999 171.661116
1697132658.3085866 -0.24500 0.00000 10 -60.000 -144.758999 171.661116
1697132658.3085866 -0.24500 0.00000 13 -60.000 -144.758999 171.661116
1697132658.3085866 -0.24500 0.00000 15 -60.000 -144.758999 171.661116
1697132658.3085866 -0.24500 0.00000 10 -60.000 -144.758999 171.661116
1697132668.324427 -0.24500 0.00000 18 -70.000 -144.758999 171.661116
1697132668.324427 -0.24500 0.00000 14 -70.000 -144.758999 171.661116
1697132668.324427 -0.24500 0.00000 11 -70.000 -144.758999 171.661116
1697132668.324427 -0.24500 0.00000 13 -70.000 -144.758999 171.661116
1697132668.324427 -0.24500 0.00000 12 -70.000 -144.758999 171.661116
1697132679.6085062 -0.25000 0.00000 9 -50.000 -78.1442374 181.909543
1697132679.6085062 -0.25000 0.00000 12 -50.000 -78.1442374 181.909543
1697132679.6085062 -0.25000 0.00000 11 -50.000 -78.1442374 181.909543
1697132679.6085062 -0.25000 0.00000 19 -50.000 -78.1442374 181.909543
1697132679.6085062 -0.25000 0.00000 14 -50.000 -78.1442374 181.909543
1697132690.312324 -0.25000 0.00000 13 -60.000 -78.1442374 181.909543
1697132690.312324 -0.25000 0.00000 10 -60.000 -78.1442374 181.909543
1697132690.312324 -0.25000 0.00000 8 -60.000 -78.1442374 181.909543
1697132690.312324 -0.25000 0.00000 11 -60.000 -78.1442374 181.909543
1697132690.312324 -0.25000 0.00000 23 -60.000 -78.1442374 181.909543
1697132700.341579 -0.25000 0.00000 9 -70.000 -78.1442374 181.909543
1697132700.341579 -0.25000 0.00000 11 -70.000 -78.1442374 181.909543
1697132700.341579 -0.25000 0.00000 17 -70.000 -78.1442374 181.909543
1697132700.341579 -0.25000 0.00000 10 -70.000 -78.1442374 181.909543
1697132700.341579 -0.25000 0.00000 10 -70.000 -78.1442374 181.909543
1697132711.6193054 -0.25500 0.00000 57622 -50.000 -160.131633 202.406384
1697132711.6193054 -0.25500 0.00000 56314 -50.000 -160.131633 202.406384
1697132711.6193054 -0.25500 0.00000 55849 -50.000 -160.131633 202.406384
1697132711.6193054 -0.25500 0.00000 59359 -50.000 -160.131633 202.406384
1697132711.6193054 -0.25500 0.00000 55192 -50.000 -160.131633 202.406384
1697132722.3950086 -0.25500 0.00000 9963 -60.000 -160.131633 202.406384
1697132722.3950086 -0.25500 0.00000 11902 -60.000 -160.131633 202.406384
1697132722.3950086 -0.25500 0.00000 10283 -60.000 -160.131633 202.406384
1697132722.3950086 -0.25500 0.00000 9777 -60.000 -160.131633 202.406384
1697132722.3950086 -0.25500 0.00000 11128 -60.000 -160.131633 202.406384
1697132732.2993262 -0.25500 0.00000 2019 -70.000 -160.131633 202.406384
1697132732.2993262 -0.25500 0.00000 1843 -70.000 -160.131633 202.406384
1697132732.2993262 -0.25500 0.00000 1658 -70.000 -160.131633 202.406384
1697132732.2993262 -0.25500 0.00000 1554 -70.000 -160.131633 202.406384
1697132732.2993262 -0.25500 0.00000 1998 -70.000 -160.131633 202.406384
1697132743.6840537 -0.26000 0.00000 39537 -50.000 -114.013724 146.04004500000002
1697132743.6840537 -0.26000 0.00000 42503 -50.000 -114.013724 146.04004500000002
1697132743.6840537 -0.26000 0.00000 40944 -50.000 -114.013724 146.04004500000002
1697132743.6840537 -0.26000 0.00000 35701 -50.000 -114.013724 146.04004500000002
1697132743.6840537 -0.26000 0.00000 35659 -50.000 -114.013724 146.04004500000002
1697132754.3538766 -0.26000 0.00000 6897 -60.000 -114.013724 146.04004500000002
1697132754.3538766 -0.26000 0.00000 6741 -60.000 -114.013724 146.04004500000002
1697132754.3538766 -0.26000 0.00000 8310 -60.000 -114.013724 146.04004500000002
1697132754.3538766 -0.26000 0.00000 7685 -60.000 -114.013724 146.04004500000002
1697132754.3538766 -0.26000 0.00000 7425 -60.000 -114.013724 146.04004500000002
1697132764.723345 -0.26000 0.00000 1185 -70.000 -114.013724 146.04004500000002
1697132764.723345 -0.26000 0.00000 1015 -70.000 -114.013724 146.04004500000002
1697132764.723345 -0.26000 0.00000 631 -70.000 -114.013724 146.04004500000002
1697132764.723345 -0.26000 0.00000 829 -70.000 -114.013724 146.04004500000002
1697132764.723345 -0.26000 0.00000 1229 -70.000 -114.013724 146.04004500000002
1697132776.6643715 -0.26500 0.00000 34356 -50.000 -98.6410826 151.16425999999998
1697132776.6643715 -0.26500 0.00000 30686 -50.000 -98.6410826 151.16425999999998
1697132776.6643715 -0.26500 0.00000 31051 -50.000 -98.6410826 151.16425999999998
1697132776.6643715 -0.26500 0.00000 34635 -50.000 -98.6410826 151.16425999999998
1697132776.6643715 -0.26500 0.00000 32664 -50.000 -98.6410826 151.16425999999998
1697132787.3340414 -0.26500 0.00000 4401 -60.000 -98.6410826 151.16425999999998
1697132787.3340414 -0.26500 0.00000 4111 -60.000 -98.6410826 151.16425999999998
1697132787.3340414 -0.26500 0.00000 3740 -60.000 -98.6410826 151.16425999999998
1697132787.3340414 -0.26500 0.00000 4274 -60.000 -98.6410826 151.16425999999998
1697132787.3340414 -0.26500 0.00000 4184 -60.000 -98.6410826 151.16425999999998
1697132797.3517234 -0.26500 0.00000 538 -70.000 -98.6410826 151.16425999999998
1697132797.3517234 -0.26500 0.00000 378 -70.000 -98.6410826 151.16425999999998
1697132797.3517234 -0.26500 0.00000 495 -70.000 -98.6410826 151.16425999999998
1697132797.3517234 -0.26500 0.00000 441 -70.000 -98.6410826 151.16425999999998
1697132797.3517234 -0.26500 0.00000 483 -70.000 -98.6410826 151.16425999999998
1697132808.6354022 -0.27000 0.00000 23340 -50.000 -98.6410826 135.791622
1697132808.6354022 -0.27000 0.00000 22549 -50.000 -98.6410826 135.791622
1697132808.6354022 -0.27000 0.00000 21117 -50.000 -98.6410826 135.791622
1697132808.6354022 -0.27000 0.00000 19297 -50.000 -98.6410826 135.791622
1697132808.6354022 -0.27000 0.00000 20616 -50.000 -98.6410826 135.791622
1697132819.305479 -0.27000 0.00000 2489 -60.000 -98.6410826 135.791622
1697132819.305479 -0.27000 0.00000 2817 -60.000 -98.6410826 135.791622
1697132819.305479 -0.27000 0.00000 2674 -60.000 -98.6410826 135.791622
1697132819.305479 -0.27000 0.00000 2160 -60.000 -98.6410826 135.791622
1697132819.305479 -0.27000 0.00000 2655 -60.000 -98.6410826 135.791622
1697132829.3332508 -0.27000 0.00000 267 -70.000 -98.6410826 135.791622
1697132829.3332508 -0.27000 0.00000 352 -70.000 -98.6410826 135.791622
1697132829.3332508 -0.27000 0.00000 252 -70.000 -98.6410826 135.791622
1697132829.3332508 -0.27000 0.00000 230 -70.000 -98.6410826 135.791622
1697132829.3332508 -0.27000 0.00000 345 -70.000 -98.6410826 135.791622
1697132840.605629 -0.27500 0.00000 14576 -50.000 -88.39265999999999 130.667415
1697132840.605629 -0.27500 0.00000 16818 -50.000 -88.39265999999999 130.667415
1697132840.605629 -0.27500 0.00000 16609 -50.000 -88.39265999999999 130.667415
1697132840.605629 -0.27500 0.00000 15535 -50.000 -88.39265999999999 130.667415
1697132840.605629 -0.27500 0.00000 15904 -50.000 -88.39265999999999 130.667415
1697132851.402848 -0.27500 0.00000 1801 -60.000 -88.39265999999999 130.667415
1697132851.402848 -0.27500 0.00000 1481 -60.000 -88.39265999999999 130.667415
1697132851.402848 -0.27500 0.00000 1118 -60.000 -88.39265999999999 130.667415
1697132851.402848 -0.27500 0.00000 1349 -60.000 -88.39265999999999 130.667415
1697132851.402848 -0.27500 0.00000 1834 -60.000 -88.39265999999999 130.667415
1697132861.3986166 -0.27500 0.00000 191 -70.000 -88.39265999999999 130.667415
1697132861.3986166 -0.27500 0.00000 182 -70.000 -88.39265999999999 130.667415
1697132861.3986166 -0.27500 0.00000 156 -70.000 -88.39265999999999 130.667415
1697132861.3986166 -0.27500 0.00000 138 -70.000 -88.39265999999999 130.667415
1697132861.3986166 -0.27500 0.00000 154 -70.000 -88.39265999999999 130.667415
1697132872.5756867 -0.28000 -0.00000 13100 -50.000 -78.1442374 140.91583699999998
1697132872.5756867 -0.28000 -0.00000 11627 -50.000 -78.1442374 140.91583699999998
1697132872.5756867 -0.28000 -0.00000 7997 -50.000 -78.1442374 140.91583699999998
1697132872.5756867 -0.28000 -0.00000 11255 -50.000 -78.1442374 140.91583699999998
1697132872.5756867 -0.28000 -0.00000 9028 -50.000 -78.1442374 140.91583699999998
1697132883.358268 -0.28000 -0.00000 1330 -60.000 -78.1442374 140.91583699999998
1697132883.358268 -0.28000 -0.00000 1302 -60.000 -78.1442374 140.91583699999998
1697132883.358268 -0.28000 -0.00000 943 -60.000 -78.1442374 140.91583699999998
1697132883.358268 -0.28000 -0.00000 883 -60.000 -78.1442374 140.91583699999998
1697132883.358268 -0.28000 -0.00000 861 -60.000 -78.1442374 140.91583699999998
1697132893.2752619 -0.28000 -0.00000 83 -70.000 -78.1442374 140.91583699999998
1697132893.2752619 -0.28000 -0.00000 45 -70.000 -78.1442374 140.91583699999998
1697132893.2752619 -0.28000 -0.00000 83 -70.000 -78.1442374 140.91583699999998
1697132893.2752619 -0.28000 -0.00000 120 -70.000 -78.1442374 140.91583699999998
1697132893.2752619 -0.28000 -0.00000 111 -70.000 -78.1442374 140.91583699999998
