# This is data for a Photon Count Rate vs Bias curve
# Wafer : Device	Pa231025 : R1C3
# Bias Resistor : 1040000
# PCR measure comments: MIR microwire R1C3 pix 2
# MIR microwire R1C3 pix2
# Counter setup: keysight53220A
# 	Trigger Threshhold: -60 mV
# 	Noise Rejection: False
# 	Gate integration: 0.15 s
# Pulsed ON
# 
# Cols: unixtime-[s]	 Bias-[V]	 Sense_Voltage-[V]	 Counts-[#Photons]	 Threshold-[mV]	 Min Peak Voltage-[mV]	 Peak to Peak Voltage-[mV]
1701971884.6153736 0.00000 -0.00000 0 -15.000 -16.6536905 28.1831678
1701971884.6153736 0.00000 -0.00000 0 -15.000 -16.6536905 28.1831678
1701971884.6153736 0.00000 -0.00000 0 -15.000 -16.6536905 28.1831678
1701971884.6153736 0.00000 -0.00000 0 -15.000 -16.6536905 28.1831678
1701971884.6153736 0.00000 -0.00000 0 -15.000 -16.6536905 28.1831678
1701971894.9738417 0.00000 -0.00000 0 -25.000 -16.6536905 28.1831678
1701971894.9738417 0.00000 -0.00000 0 -25.000 -16.6536905 28.1831678
1701971894.9738417 0.00000 -0.00000 0 -25.000 -16.6536905 28.1831678
1701971894.9738417 0.00000 -0.00000 0 -25.000 -16.6536905 28.1831678
1701971894.9738417 0.00000 -0.00000 0 -25.000 -16.6536905 28.1831678
1701971906.3520486 -1.50000 -0.00000 0 -15.000 -16.6536905 28.1831678
1701971906.3520486 -1.50000 -0.00000 1 -15.000 -16.6536905 28.1831678
1701971906.3520486 -1.50000 -0.00000 2 -15.000 -16.6536905 28.1831678
1701971906.3520486 -1.50000 -0.00000 0 -15.000 -16.6536905 28.1831678
1701971906.3520486 -1.50000 -0.00000 0 -15.000 -16.6536905 28.1831678
1701971917.0261815 -1.50000 -0.00000 0 -25.000 -16.6536905 28.1831678
1701971917.0261815 -1.50000 -0.00000 2 -25.000 -16.6536905 28.1831678
1701971917.0261815 -1.50000 -0.00000 0 -25.000 -16.6536905 28.1831678
1701971917.0261815 -1.50000 -0.00000 1 -25.000 -16.6536905 28.1831678
1701971917.0261815 -1.50000 -0.00000 0 -25.000 -16.6536905 28.1831678
1701971928.392652 -1.52000 -0.00000 0 -15.000 -11.5294773 53.804228099999996
1701971928.392652 -1.52000 -0.00000 1 -15.000 -11.5294773 53.804228099999996
1701971928.392652 -1.52000 -0.00000 0 -15.000 -11.5294773 53.804228099999996
1701971928.392652 -1.52000 -0.00000 0 -15.000 -11.5294773 53.804228099999996
1701971928.392652 -1.52000 -0.00000 0 -15.000 -11.5294773 53.804228099999996
1701971938.9543703 -1.52000 -0.00000 0 -25.000 -11.5294773 53.804228099999996
1701971938.9543703 -1.52000 -0.00000 1 -25.000 -11.5294773 53.804228099999996
1701971938.9543703 -1.52000 -0.00000 1 -25.000 -11.5294773 53.804228099999996
1701971938.9543703 -1.52000 -0.00000 1 -25.000 -11.5294773 53.804228099999996
1701971938.9543703 -1.52000 -0.00000 0 -25.000 -11.5294773 53.804228099999996
1701971950.3314505 -1.54000 -0.00001 0 -15.000 -83.2684487 28.1831678
1701971950.3314505 -1.54000 -0.00001 0 -15.000 -83.2684487 28.1831678
1701971950.3314505 -1.54000 -0.00001 1 -15.000 -83.2684487 28.1831678
1701971950.3314505 -1.54000 -0.00001 0 -15.000 -83.2684487 28.1831678
1701971950.3314505 -1.54000 -0.00001 2 -15.000 -83.2684487 28.1831678
1701971961.0056133 -1.54000 -0.00001 1 -25.000 -83.2684487 28.1831678
1701971961.0056133 -1.54000 -0.00001 0 -25.000 -83.2684487 28.1831678
1701971961.0056133 -1.54000 -0.00001 1 -25.000 -83.2684487 28.1831678
1701971961.0056133 -1.54000 -0.00001 0 -25.000 -83.2684487 28.1831678
1701971961.0056133 -1.54000 -0.00001 0 -25.000 -83.2684487 28.1831678
1701971972.37234 -1.56000 -0.00001 0 -15.000 -16.6536905 94.797926
1701971972.37234 -1.56000 -0.00001 0 -15.000 -16.6536905 94.797926
1701971972.37234 -1.56000 -0.00001 0 -15.000 -16.6536905 94.797926
1701971972.37234 -1.56000 -0.00001 2 -15.000 -16.6536905 94.797926
1701971972.37234 -1.56000 -0.00001 0 -15.000 -16.6536905 94.797926
1701971983.0592437 -1.56000 -0.00001 0 -25.000 -16.6536905 94.797926
1701971983.0592437 -1.56000 -0.00001 0 -25.000 -16.6536905 94.797926
1701971983.0592437 -1.56000 -0.00001 1 -25.000 -16.6536905 94.797926
1701971983.0592437 -1.56000 -0.00001 0 -25.000 -16.6536905 94.797926
1701971983.0592437 -1.56000 -0.00001 1 -25.000 -16.6536905 94.797926
1701971994.41317 -1.58000 -0.00001 0 -15.000 -83.2684487 28.1831678
1701971994.41317 -1.58000 -0.00001 1 -15.000 -83.2684487 28.1831678
1701971994.41317 -1.58000 -0.00001 0 -15.000 -83.2684487 28.1831678
1701971994.41317 -1.58000 -0.00001 2 -15.000 -83.2684487 28.1831678
1701971994.41317 -1.58000 -0.00001 1 -15.000 -83.2684487 28.1831678
1701972004.974098 -1.58000 -0.00001 0 -25.000 -83.2684487 28.1831678
1701972004.974098 -1.58000 -0.00001 1 -25.000 -83.2684487 28.1831678
1701972004.974098 -1.58000 -0.00001 1 -25.000 -83.2684487 28.1831678
1701972004.974098 -1.58000 -0.00001 0 -25.000 -83.2684487 28.1831678
1701972004.974098 -1.58000 -0.00001 1 -25.000 -83.2684487 28.1831678
1701972016.3522828 -1.60000 -0.00001 0 -15.000 -16.6536905 28.1831678
1701972016.3522828 -1.60000 -0.00001 0 -15.000 -16.6536905 28.1831678
1701972016.3522828 -1.60000 -0.00001 0 -15.000 -16.6536905 28.1831678
1701972016.3522828 -1.60000 -0.00001 0 -15.000 -16.6536905 28.1831678
1701972016.3522828 -1.60000 -0.00001 0 -15.000 -16.6536905 28.1831678
1701972027.0282023 -1.60000 -0.00001 0 -25.000 -16.6536905 28.1831678
1701972027.0282023 -1.60000 -0.00001 2 -25.000 -16.6536905 28.1831678
1701972027.0282023 -1.60000 -0.00001 0 -25.000 -16.6536905 28.1831678
1701972027.0282023 -1.60000 -0.00001 1 -25.000 -16.6536905 28.1831678
1701972027.0282023 -1.60000 -0.00001 2 -25.000 -16.6536905 28.1831678
1701972038.39341 -1.62000 -0.00000 1 -15.000 -32.0263281 23.0589546
1701972038.39341 -1.62000 -0.00000 1 -15.000 -32.0263281 23.0589546
1701972038.39341 -1.62000 -0.00000 0 -15.000 -32.0263281 23.0589546
1701972038.39341 -1.62000 -0.00000 1 -15.000 -32.0263281 23.0589546
1701972038.39341 -1.62000 -0.00000 2 -15.000 -32.0263281 23.0589546
1701972048.953864 -1.62000 -0.00000 0 -25.000 -32.0263281 23.0589546
1701972048.953864 -1.62000 -0.00000 1 -25.000 -32.0263281 23.0589546
1701972048.953864 -1.62000 -0.00000 0 -25.000 -32.0263281 23.0589546
1701972048.953864 -1.62000 -0.00000 0 -25.000 -32.0263281 23.0589546
1701972048.953864 -1.62000 -0.00000 0 -25.000 -32.0263281 23.0589546
1701972060.3439348 -1.64000 -0.00001 0 -15.000 -16.6536905 28.1831678
1701972060.3439348 -1.64000 -0.00001 0 -15.000 -16.6536905 28.1831678
1701972060.3439348 -1.64000 -0.00001 1 -15.000 -16.6536905 28.1831678
1701972060.3439348 -1.64000 -0.00001 1 -15.000 -16.6536905 28.1831678
1701972060.3439348 -1.64000 -0.00001 1 -15.000 -16.6536905 28.1831678
1701972071.00626 -1.64000 -0.00001 0 -25.000 -16.6536905 28.1831678
1701972071.00626 -1.64000 -0.00001 0 -25.000 -16.6536905 28.1831678
1701972071.00626 -1.64000 -0.00001 0 -25.000 -16.6536905 28.1831678
1701972071.00626 -1.64000 -0.00001 1 -25.000 -16.6536905 28.1831678
1701972071.00626 -1.64000 -0.00001 1 -25.000 -16.6536905 28.1831678
1701972082.2813237 -1.66000 -0.00001 2 -15.000 -16.6536905 28.1831678
1701972082.2813237 -1.66000 -0.00001 0 -15.000 -16.6536905 28.1831678
1701972082.2813237 -1.66000 -0.00001 2 -15.000 -16.6536905 28.1831678
1701972082.2813237 -1.66000 -0.00001 1 -15.000 -16.6536905 28.1831678
1701972082.2813237 -1.66000 -0.00001 1 -15.000 -16.6536905 28.1831678
1701972093.0403068 -1.66000 -0.00001 0 -25.000 -16.6536905 28.1831678
1701972093.0403068 -1.66000 -0.00001 0 -25.000 -16.6536905 28.1831678
1701972093.0403068 -1.66000 -0.00001 2 -25.000 -16.6536905 28.1831678
1701972093.0403068 -1.66000 -0.00001 0 -25.000 -16.6536905 28.1831678
1701972093.0403068 -1.66000 -0.00001 0 -25.000 -16.6536905 28.1831678
1701972104.4234543 -1.68000 -0.00001 0 -15.000 -16.6536905 28.1831678
1701972104.4234543 -1.68000 -0.00001 0 -15.000 -16.6536905 28.1831678
1701972104.4234543 -1.68000 -0.00001 0 -15.000 -16.6536905 28.1831678
1701972104.4234543 -1.68000 -0.00001 1 -15.000 -16.6536905 28.1831678
1701972104.4234543 -1.68000 -0.00001 0 -15.000 -16.6536905 28.1831678
1701972114.9757993 -1.68000 -0.00001 0 -25.000 -16.6536905 28.1831678
1701972114.9757993 -1.68000 -0.00001 0 -25.000 -16.6536905 28.1831678
1701972114.9757993 -1.68000 -0.00001 0 -25.000 -16.6536905 28.1831678
1701972114.9757993 -1.68000 -0.00001 2 -25.000 -16.6536905 28.1831678
1701972114.9757993 -1.68000 -0.00001 1 -25.000 -16.6536905 28.1831678
1701972126.357793 -1.70000 -0.00001 2 -15.000 -83.2684487 28.1831678
1701972126.357793 -1.70000 -0.00001 2 -15.000 -83.2684487 28.1831678
1701972126.357793 -1.70000 -0.00001 0 -15.000 -83.2684487 28.1831678
1701972126.357793 -1.70000 -0.00001 2 -15.000 -83.2684487 28.1831678
1701972126.357793 -1.70000 -0.00001 0 -15.000 -83.2684487 28.1831678
1701972137.0266545 -1.70000 -0.00001 0 -25.000 -83.2684487 28.1831678
1701972137.0266545 -1.70000 -0.00001 1 -25.000 -83.2684487 28.1831678
1701972137.0266545 -1.70000 -0.00001 0 -25.000 -83.2684487 28.1831678
1701972137.0266545 -1.70000 -0.00001 1 -25.000 -83.2684487 28.1831678
1701972137.0266545 -1.70000 -0.00001 0 -25.000 -83.2684487 28.1831678
1701972148.394003 -1.72000 -0.00001 1 -15.000 -16.6536905 28.1831678
1701972148.394003 -1.72000 -0.00001 3 -15.000 -16.6536905 28.1831678
1701972148.394003 -1.72000 -0.00001 1 -15.000 -16.6536905 28.1831678
1701972148.394003 -1.72000 -0.00001 1 -15.000 -16.6536905 28.1831678
1701972148.394003 -1.72000 -0.00001 1 -15.000 -16.6536905 28.1831678
1701972158.955417 -1.72000 -0.00001 0 -25.000 -16.6536905 28.1831678
1701972158.955417 -1.72000 -0.00001 0 -25.000 -16.6536905 28.1831678
1701972158.955417 -1.72000 -0.00001 0 -25.000 -16.6536905 28.1831678
1701972158.955417 -1.72000 -0.00001 0 -25.000 -16.6536905 28.1831678
1701972158.955417 -1.72000 -0.00001 0 -25.000 -16.6536905 28.1831678
1701972170.4352262 -1.74000 -0.00001 0 -15.000 -11.5294773 33.307381
1701972170.4352262 -1.74000 -0.00001 0 -15.000 -11.5294773 33.307381
1701972170.4352262 -1.74000 -0.00001 1 -15.000 -11.5294773 33.307381
1701972170.4352262 -1.74000 -0.00001 0 -15.000 -11.5294773 33.307381
1701972170.4352262 -1.74000 -0.00001 2 -15.000 -11.5294773 33.307381
1701972181.0090103 -1.74000 -0.00001 1 -25.000 -11.5294773 33.307381
1701972181.0090103 -1.74000 -0.00001 0 -25.000 -11.5294773 33.307381
1701972181.0090103 -1.74000 -0.00001 0 -25.000 -11.5294773 33.307381
1701972181.0090103 -1.74000 -0.00001 0 -25.000 -11.5294773 33.307381
1701972181.0090103 -1.74000 -0.00001 2 -25.000 -11.5294773 33.307381
1701972192.3740132 -1.76000 -0.00001 0 -15.000 -16.6536905 28.1831678
1701972192.3740132 -1.76000 -0.00001 3 -15.000 -16.6536905 28.1831678
1701972192.3740132 -1.76000 -0.00001 2 -15.000 -16.6536905 28.1831678
1701972192.3740132 -1.76000 -0.00001 1 -15.000 -16.6536905 28.1831678
1701972192.3740132 -1.76000 -0.00001 2 -15.000 -16.6536905 28.1831678
1701972203.0613768 -1.76000 -0.00001 0 -25.000 -16.6536905 28.1831678
1701972203.0613768 -1.76000 -0.00001 0 -25.000 -16.6536905 28.1831678
1701972203.0613768 -1.76000 -0.00001 1 -25.000 -16.6536905 28.1831678
1701972203.0613768 -1.76000 -0.00001 0 -25.000 -16.6536905 28.1831678
1701972203.0613768 -1.76000 -0.00001 2 -25.000 -16.6536905 28.1831678
1701972214.3207328 -1.78000 -0.00001 1 -15.000 -16.6536905 28.1831678
1701972214.3207328 -1.78000 -0.00001 3 -15.000 -16.6536905 28.1831678
1701972214.3207328 -1.78000 -0.00001 0 -15.000 -16.6536905 28.1831678
1701972214.3207328 -1.78000 -0.00001 1 -15.000 -16.6536905 28.1831678
1701972214.3207328 -1.78000 -0.00001 1 -15.000 -16.6536905 28.1831678
1701972224.986582 -1.78000 -0.00001 0 -25.000 -16.6536905 28.1831678
1701972224.986582 -1.78000 -0.00001 0 -25.000 -16.6536905 28.1831678
1701972224.986582 -1.78000 -0.00001 2 -25.000 -16.6536905 28.1831678
1701972224.986582 -1.78000 -0.00001 0 -25.000 -16.6536905 28.1831678
1701972224.986582 -1.78000 -0.00001 2 -25.000 -16.6536905 28.1831678
1701972236.354215 -1.80000 -0.00001 0 -15.000 -16.6536905 28.1831678
1701972236.354215 -1.80000 -0.00001 0 -15.000 -16.6536905 28.1831678
1701972236.354215 -1.80000 -0.00001 1 -15.000 -16.6536905 28.1831678
1701972236.354215 -1.80000 -0.00001 1 -15.000 -16.6536905 28.1831678
1701972236.354215 -1.80000 -0.00001 2 -15.000 -16.6536905 28.1831678
1701972247.0175657 -1.80000 -0.00001 2 -25.000 -16.6536905 28.1831678
1701972247.0175657 -1.80000 -0.00001 2 -25.000 -16.6536905 28.1831678
1701972247.0175657 -1.80000 -0.00001 1 -25.000 -16.6536905 28.1831678
1701972247.0175657 -1.80000 -0.00001 1 -25.000 -16.6536905 28.1831678
1701972247.0175657 -1.80000 -0.00001 0 -25.000 -16.6536905 28.1831678
1701972258.394884 -1.82000 -0.00001 1 -15.000 -11.5294773 28.1831678
1701972258.394884 -1.82000 -0.00001 0 -15.000 -11.5294773 28.1831678
1701972258.394884 -1.82000 -0.00001 1 -15.000 -11.5294773 28.1831678
1701972258.394884 -1.82000 -0.00001 1 -15.000 -11.5294773 28.1831678
1701972258.394884 -1.82000 -0.00001 2 -15.000 -11.5294773 28.1831678
1701972268.955798 -1.82000 -0.00001 2 -25.000 -11.5294773 28.1831678
1701972268.955798 -1.82000 -0.00001 1 -25.000 -11.5294773 28.1831678
1701972268.955798 -1.82000 -0.00001 0 -25.000 -11.5294773 28.1831678
1701972268.955798 -1.82000 -0.00001 0 -25.000 -11.5294773 28.1831678
1701972268.955798 -1.82000 -0.00001 0 -25.000 -11.5294773 28.1831678
1701972280.332517 -1.84000 -0.00001 0 -15.000 -11.5294773 94.797926
1701972280.332517 -1.84000 -0.00001 2 -15.000 -11.5294773 94.797926
1701972280.332517 -1.84000 -0.00001 0 -15.000 -11.5294773 94.797926
1701972280.332517 -1.84000 -0.00001 0 -15.000 -11.5294773 94.797926
1701972280.332517 -1.84000 -0.00001 1 -15.000 -11.5294773 94.797926
1701972290.9946826 -1.84000 -0.00001 0 -25.000 -11.5294773 94.797926
1701972290.9946826 -1.84000 -0.00001 1 -25.000 -11.5294773 94.797926
1701972290.9946826 -1.84000 -0.00001 0 -25.000 -11.5294773 94.797926
1701972290.9946826 -1.84000 -0.00001 0 -25.000 -11.5294773 94.797926
1701972290.9946826 -1.84000 -0.00001 1 -25.000 -11.5294773 94.797926
1701972302.3725536 -1.86000 -0.00001 0 -15.000 -16.6536905 53.804228099999996
1701972302.3725536 -1.86000 -0.00001 1 -15.000 -16.6536905 53.804228099999996
1701972302.3725536 -1.86000 -0.00001 1 -15.000 -16.6536905 53.804228099999996
1701972302.3725536 -1.86000 -0.00001 0 -15.000 -16.6536905 53.804228099999996
1701972302.3725536 -1.86000 -0.00001 0 -15.000 -16.6536905 53.804228099999996
1701972313.060531 -1.86000 -0.00001 0 -25.000 -16.6536905 53.804228099999996
1701972313.060531 -1.86000 -0.00001 2 -25.000 -16.6536905 53.804228099999996
1701972313.060531 -1.86000 -0.00001 2 -25.000 -16.6536905 53.804228099999996
1701972313.060531 -1.86000 -0.00001 1 -25.000 -16.6536905 53.804228099999996
1701972313.060531 -1.86000 -0.00001 1 -25.000 -16.6536905 53.804228099999996
1701972324.3204727 -1.88000 -0.00001 0 -15.000 -16.6536905 48.680016800000004
1701972324.3204727 -1.88000 -0.00001 0 -15.000 -16.6536905 48.680016800000004
1701972324.3204727 -1.88000 -0.00001 3 -15.000 -16.6536905 48.680016800000004
1701972324.3204727 -1.88000 -0.00001 1 -15.000 -16.6536905 48.680016800000004
1701972324.3204727 -1.88000 -0.00001 0 -15.000 -16.6536905 48.680016800000004
1701972334.974856 -1.88000 -0.00001 2 -25.000 -16.6536905 48.680016800000004
1701972334.974856 -1.88000 -0.00001 1 -25.000 -16.6536905 48.680016800000004
1701972334.974856 -1.88000 -0.00001 0 -25.000 -16.6536905 48.680016800000004
1701972334.974856 -1.88000 -0.00001 1 -25.000 -16.6536905 48.680016800000004
1701972334.974856 -1.88000 -0.00001 0 -25.000 -16.6536905 48.680016800000004
1701972346.4542143 -1.90000 -0.00001 1 -15.000 -16.6536905 48.6800158
1701972346.4542143 -1.90000 -0.00001 0 -15.000 -16.6536905 48.6800158
1701972346.4542143 -1.90000 -0.00001 2 -15.000 -16.6536905 48.6800158
1701972346.4542143 -1.90000 -0.00001 0 -15.000 -16.6536905 48.6800158
1701972346.4542143 -1.90000 -0.00001 0 -15.000 -16.6536905 48.6800158
1701972357.0282197 -1.90000 -0.00001 1 -25.000 -16.6536905 48.6800158
1701972357.0282197 -1.90000 -0.00001 0 -25.000 -16.6536905 48.6800158
1701972357.0282197 -1.90000 -0.00001 1 -25.000 -16.6536905 48.6800158
1701972357.0282197 -1.90000 -0.00001 1 -25.000 -16.6536905 48.6800158
1701972357.0282197 -1.90000 -0.00001 0 -25.000 -16.6536905 48.6800158
1701972368.3939142 -1.92000 -0.00001 1 -15.000 -21.7779018 23.0589546
1701972368.3939142 -1.92000 -0.00001 0 -15.000 -21.7779018 23.0589546
1701972368.3939142 -1.92000 -0.00001 0 -15.000 -21.7779018 23.0589546
1701972368.3939142 -1.92000 -0.00001 0 -15.000 -21.7779018 23.0589546
1701972368.3939142 -1.92000 -0.00001 2 -15.000 -21.7779018 23.0589546
1701972378.9553545 -1.92000 -0.00001 2 -25.000 -21.7779018 23.0589546
1701972378.9553545 -1.92000 -0.00001 1 -25.000 -21.7779018 23.0589546
1701972378.9553545 -1.92000 -0.00001 2 -25.000 -21.7779018 23.0589546
1701972378.9553545 -1.92000 -0.00001 1 -25.000 -21.7779018 23.0589546
1701972378.9553545 -1.92000 -0.00001 0 -25.000 -21.7779018 23.0589546
1701972390.3350503 -1.94000 -0.00001 1 -15.000 -16.6536905 28.1831678
1701972390.3350503 -1.94000 -0.00001 0 -15.000 -16.6536905 28.1831678
1701972390.3350503 -1.94000 -0.00001 0 -15.000 -16.6536905 28.1831678
1701972390.3350503 -1.94000 -0.00001 2 -15.000 -16.6536905 28.1831678
1701972390.3350503 -1.94000 -0.00001 0 -15.000 -16.6536905 28.1831678
1701972401.0194554 -1.94000 -0.00001 0 -25.000 -16.6536905 28.1831678
1701972401.0194554 -1.94000 -0.00001 0 -25.000 -16.6536905 28.1831678
1701972401.0194554 -1.94000 -0.00001 1 -25.000 -16.6536905 28.1831678
1701972401.0194554 -1.94000 -0.00001 1 -25.000 -16.6536905 28.1831678
1701972401.0194554 -1.94000 -0.00001 0 -25.000 -16.6536905 28.1831678
1701972412.374363 -1.96000 -0.00001 1 -15.000 -16.6536905 38.4315923
1701972412.374363 -1.96000 -0.00001 2 -15.000 -16.6536905 38.4315923
1701972412.374363 -1.96000 -0.00001 1 -15.000 -16.6536905 38.4315923
1701972412.374363 -1.96000 -0.00001 1 -15.000 -16.6536905 38.4315923
1701972412.374363 -1.96000 -0.00001 1 -15.000 -16.6536905 38.4315923
1701972423.0405805 -1.96000 -0.00001 0 -25.000 -16.6536905 38.4315923
1701972423.0405805 -1.96000 -0.00001 0 -25.000 -16.6536905 38.4315923
1701972423.0405805 -1.96000 -0.00001 0 -25.000 -16.6536905 38.4315923
1701972423.0405805 -1.96000 -0.00001 1 -25.000 -16.6536905 38.4315923
1701972423.0405805 -1.96000 -0.00001 0 -25.000 -16.6536905 38.4315923
1701972434.3136892 -1.98000 -0.00001 1 -15.000 -16.6536905 33.307381
1701972434.3136892 -1.98000 -0.00001 0 -15.000 -16.6536905 33.307381
1701972434.3136892 -1.98000 -0.00001 0 -15.000 -16.6536905 33.307381
1701972434.3136892 -1.98000 -0.00001 1 -15.000 -16.6536905 33.307381
1701972434.3136892 -1.98000 -0.00001 0 -15.000 -16.6536905 33.307381
1701972444.9755785 -1.98000 -0.00001 1 -25.000 -16.6536905 33.307381
1701972444.9755785 -1.98000 -0.00001 2 -25.000 -16.6536905 33.307381
1701972444.9755785 -1.98000 -0.00001 0 -25.000 -16.6536905 33.307381
1701972444.9755785 -1.98000 -0.00001 0 -25.000 -16.6536905 33.307381
1701972444.9755785 -1.98000 -0.00001 0 -25.000 -16.6536905 33.307381
1701972456.354614 -2.00000 -0.00001 0 -15.000 -83.2684487 23.0589546
1701972456.354614 -2.00000 -0.00001 0 -15.000 -83.2684487 23.0589546
1701972456.354614 -2.00000 -0.00001 1 -15.000 -83.2684487 23.0589546
1701972456.354614 -2.00000 -0.00001 1 -15.000 -83.2684487 23.0589546
1701972456.354614 -2.00000 -0.00001 1 -15.000 -83.2684487 23.0589546
1701972467.0283058 -2.00000 -0.00001 1 -25.000 -83.2684487 23.0589546
1701972467.0283058 -2.00000 -0.00001 1 -25.000 -83.2684487 23.0589546
1701972467.0283058 -2.00000 -0.00001 1 -25.000 -83.2684487 23.0589546
1701972467.0283058 -2.00000 -0.00001 1 -25.000 -83.2684487 23.0589546
1701972467.0283058 -2.00000 -0.00001 1 -25.000 -83.2684487 23.0589546
1701972478.3960361 -2.02000 -0.00001 2 -15.000 -16.6536905 28.1831678
1701972478.3960361 -2.02000 -0.00001 0 -15.000 -16.6536905 28.1831678
1701972478.3960361 -2.02000 -0.00001 3 -15.000 -16.6536905 28.1831678
1701972478.3960361 -2.02000 -0.00001 1 -15.000 -16.6536905 28.1831678
1701972478.3960361 -2.02000 -0.00001 0 -15.000 -16.6536905 28.1831678
1701972488.9560766 -2.02000 -0.00001 0 -25.000 -16.6536905 28.1831678
1701972488.9560766 -2.02000 -0.00001 1 -25.000 -16.6536905 28.1831678
1701972488.9560766 -2.02000 -0.00001 0 -25.000 -16.6536905 28.1831678
1701972488.9560766 -2.02000 -0.00001 0 -25.000 -16.6536905 28.1831678
1701972488.9560766 -2.02000 -0.00001 2 -25.000 -16.6536905 28.1831678
1701972500.436824 -2.04000 -0.00001 1 -15.000 -42.2747508 28.1831669
1701972500.436824 -2.04000 -0.00001 1 -15.000 -42.2747508 28.1831669
1701972500.436824 -2.04000 -0.00001 1 -15.000 -42.2747508 28.1831669
1701972500.436824 -2.04000 -0.00001 0 -15.000 -42.2747508 28.1831669
1701972500.436824 -2.04000 -0.00001 1 -15.000 -42.2747508 28.1831669
1701972511.0105593 -2.04000 -0.00001 0 -25.000 -42.2747508 28.1831669
1701972511.0105593 -2.04000 -0.00001 0 -25.000 -42.2747508 28.1831669
1701972511.0105593 -2.04000 -0.00001 1 -25.000 -42.2747508 28.1831669
1701972511.0105593 -2.04000 -0.00001 0 -25.000 -42.2747508 28.1831669
1701972511.0105593 -2.04000 -0.00001 1 -25.000 -42.2747508 28.1831669
1701972522.3764365 -2.06000 -0.00001 1 -15.000 -26.902115000000002 48.680016800000004
1701972522.3764365 -2.06000 -0.00001 0 -15.000 -26.902115000000002 48.680016800000004
1701972522.3764365 -2.06000 -0.00001 2 -15.000 -26.902115000000002 48.680016800000004
1701972522.3764365 -2.06000 -0.00001 1 -15.000 -26.902115000000002 48.680016800000004
1701972522.3764365 -2.06000 -0.00001 0 -15.000 -26.902115000000002 48.680016800000004
1701972533.04928 -2.06000 -0.00001 2 -25.000 -26.902115000000002 48.680016800000004
1701972533.04928 -2.06000 -0.00001 4 -25.000 -26.902115000000002 48.680016800000004
1701972533.04928 -2.06000 -0.00001 1 -25.000 -26.902115000000002 48.680016800000004
1701972533.04928 -2.06000 -0.00001 1 -25.000 -26.902115000000002 48.680016800000004
1701972533.04928 -2.06000 -0.00001 2 -25.000 -26.902115000000002 48.680016800000004
1701972544.3155832 -2.08000 -0.00001 1 -15.000 -16.6536905 33.307381
1701972544.3155832 -2.08000 -0.00001 0 -15.000 -16.6536905 33.307381
1701972544.3155832 -2.08000 -0.00001 1 -15.000 -16.6536905 33.307381
1701972544.3155832 -2.08000 -0.00001 1 -15.000 -16.6536905 33.307381
1701972544.3155832 -2.08000 -0.00001 0 -15.000 -16.6536905 33.307381
1701972554.977837 -2.08000 -0.00001 3 -25.000 -16.6536905 33.307381
1701972554.977837 -2.08000 -0.00001 0 -25.000 -16.6536905 33.307381
1701972554.977837 -2.08000 -0.00001 1 -25.000 -16.6536905 33.307381
1701972554.977837 -2.08000 -0.00001 1 -25.000 -16.6536905 33.307381
1701972554.977837 -2.08000 -0.00001 0 -25.000 -16.6536905 33.307381
1701972566.356824 -2.10000 -0.00001 1 -15.000 -16.6536905 28.1831678
1701972566.356824 -2.10000 -0.00001 1 -15.000 -16.6536905 28.1831678
1701972566.356824 -2.10000 -0.00001 1 -15.000 -16.6536905 28.1831678
1701972566.356824 -2.10000 -0.00001 2 -15.000 -16.6536905 28.1831678
1701972566.356824 -2.10000 -0.00001 2 -15.000 -16.6536905 28.1831678
1701972577.0295248 -2.10000 -0.00001 2 -25.000 -16.6536905 28.1831678
1701972577.0295248 -2.10000 -0.00001 0 -25.000 -16.6536905 28.1831678
1701972577.0295248 -2.10000 -0.00001 1 -25.000 -16.6536905 28.1831678
1701972577.0295248 -2.10000 -0.00001 3 -25.000 -16.6536905 28.1831678
1701972577.0295248 -2.10000 -0.00001 0 -25.000 -16.6536905 28.1831678
1701972588.3972049 -2.12000 -0.00001 4 -15.000 -16.6536905 17.934742399999998
1701972588.3972049 -2.12000 -0.00001 2 -15.000 -16.6536905 17.934742399999998
1701972588.3972049 -2.12000 -0.00001 2 -15.000 -16.6536905 17.934742399999998
1701972588.3972049 -2.12000 -0.00001 1 -15.000 -16.6536905 17.934742399999998
1701972588.3972049 -2.12000 -0.00001 2 -15.000 -16.6536905 17.934742399999998
1701972598.9596446 -2.12000 -0.00001 2 -25.000 -16.6536905 17.934742399999998
1701972598.9596446 -2.12000 -0.00001 1 -25.000 -16.6536905 17.934742399999998
1701972598.9596446 -2.12000 -0.00001 2 -25.000 -16.6536905 17.934742399999998
1701972598.9596446 -2.12000 -0.00001 2 -25.000 -16.6536905 17.934742399999998
1701972598.9596446 -2.12000 -0.00001 1 -25.000 -16.6536905 17.934742399999998
1701972610.3373797 -2.14000 -0.00001 3 -15.000 -16.6536905 28.1831678
1701972610.3373797 -2.14000 -0.00001 1 -15.000 -16.6536905 28.1831678
1701972610.3373797 -2.14000 -0.00001 0 -15.000 -16.6536905 28.1831678
1701972610.3373797 -2.14000 -0.00001 1 -15.000 -16.6536905 28.1831678
1701972610.3373797 -2.14000 -0.00001 1 -15.000 -16.6536905 28.1831678
1701972621.0117066 -2.14000 -0.00001 4 -25.000 -16.6536905 28.1831678
1701972621.0117066 -2.14000 -0.00001 1 -25.000 -16.6536905 28.1831678
1701972621.0117066 -2.14000 -0.00001 1 -25.000 -16.6536905 28.1831678
1701972621.0117066 -2.14000 -0.00001 4 -25.000 -16.6536905 28.1831678
1701972621.0117066 -2.14000 -0.00001 1 -25.000 -16.6536905 28.1831678
1701972632.2765553 -2.16000 -0.00001 2 -15.000 -16.6536905 84.54950529999999
1701972632.2765553 -2.16000 -0.00001 1 -15.000 -16.6536905 84.54950529999999
1701972632.2765553 -2.16000 -0.00001 4 -15.000 -16.6536905 84.54950529999999
1701972632.2765553 -2.16000 -0.00001 1 -15.000 -16.6536905 84.54950529999999
1701972632.2765553 -2.16000 -0.00001 5 -15.000 -16.6536905 84.54950529999999
1701972643.044028 -2.16000 -0.00001 2 -25.000 -16.6536905 84.54950529999999
1701972643.044028 -2.16000 -0.00001 0 -25.000 -16.6536905 84.54950529999999
1701972643.044028 -2.16000 -0.00001 0 -25.000 -16.6536905 84.54950529999999
1701972643.044028 -2.16000 -0.00001 6 -25.000 -16.6536905 84.54950529999999
1701972643.044028 -2.16000 -0.00001 2 -25.000 -16.6536905 84.54950529999999
1701972654.417519 -2.18000 -0.00001 2 -15.000 -47.3989621 125.543201
1701972654.417519 -2.18000 -0.00001 1 -15.000 -47.3989621 125.543201
1701972654.417519 -2.18000 -0.00001 2 -15.000 -47.3989621 125.543201
1701972654.417519 -2.18000 -0.00001 1 -15.000 -47.3989621 125.543201
1701972654.417519 -2.18000 -0.00001 3 -15.000 -47.3989621 125.543201
1701972664.9901617 -2.18000 -0.00001 3 -25.000 -47.3989621 125.543201
1701972664.9901617 -2.18000 -0.00001 5 -25.000 -47.3989621 125.543201
1701972664.9901617 -2.18000 -0.00001 5 -25.000 -47.3989621 125.543201
1701972664.9901617 -2.18000 -0.00001 0 -25.000 -47.3989621 125.543201
1701972664.9901617 -2.18000 -0.00001 2 -25.000 -47.3989621 125.543201
1701972676.3558638 -2.20000 -0.00001 5 -15.000 -62.7716035 43.5558036
1701972676.3558638 -2.20000 -0.00001 0 -15.000 -62.7716035 43.5558036
1701972676.3558638 -2.20000 -0.00001 2 -15.000 -62.7716035 43.5558036
1701972676.3558638 -2.20000 -0.00001 4 -15.000 -62.7716035 43.5558036
1701972676.3558638 -2.20000 -0.00001 2 -15.000 -62.7716035 43.5558036
1701972687.0287352 -2.20000 -0.00001 1 -25.000 -62.7716035 43.5558036
1701972687.0287352 -2.20000 -0.00001 5 -25.000 -62.7716035 43.5558036
1701972687.0287352 -2.20000 -0.00001 2 -25.000 -62.7716035 43.5558036
1701972687.0287352 -2.20000 -0.00001 3 -25.000 -62.7716035 43.5558036
1701972687.0287352 -2.20000 -0.00001 2 -25.000 -62.7716035 43.5558036
1701972698.3960826 -2.22000 -0.00001 9 -15.000 -144.758999 130.667413
1701972698.3960826 -2.22000 -0.00001 5 -15.000 -144.758999 130.667413
1701972698.3960826 -2.22000 -0.00001 4 -15.000 -144.758999 130.667413
1701972698.3960826 -2.22000 -0.00001 3 -15.000 -144.758999 130.667413
1701972698.3960826 -2.22000 -0.00001 6 -15.000 -144.758999 130.667413
1701972708.9687006 -2.22000 -0.00001 13 -25.000 -144.758999 130.667413
1701972708.9687006 -2.22000 -0.00001 5 -25.000 -144.758999 130.667413
1701972708.9687006 -2.22000 -0.00001 9 -25.000 -144.758999 130.667413
1701972708.9687006 -2.22000 -0.00001 5 -25.000 -144.758999 130.667413
1701972708.9687006 -2.22000 -0.00001 2 -25.000 -144.758999 130.667413
1701972720.3347232 -2.24000 -0.00001 6 -15.000 -129.386365 58.928439399999995
1701972720.3347232 -2.24000 -0.00001 7 -15.000 -129.386365 58.928439399999995
1701972720.3347232 -2.24000 -0.00001 7 -15.000 -129.386365 58.928439399999995
1701972720.3347232 -2.24000 -0.00001 4 -15.000 -129.386365 58.928439399999995
1701972720.3347232 -2.24000 -0.00001 9 -15.000 -129.386365 58.928439399999995
1701972731.010577 -2.24000 -0.00001 5 -25.000 -129.386365 58.928439399999995
1701972731.010577 -2.24000 -0.00001 7 -25.000 -129.386365 58.928439399999995
1701972731.010577 -2.24000 -0.00001 10 -25.000 -129.386365 58.928439399999995
1701972731.010577 -2.24000 -0.00001 8 -25.000 -129.386365 58.928439399999995
1701972731.010577 -2.24000 -0.00001 4 -25.000 -129.386365 58.928439399999995
1701972742.2731001 -2.26000 -0.00001 13 -15.000 -26.902115000000002 171.661112
1701972742.2731001 -2.26000 -0.00001 8 -15.000 -26.902115000000002 171.661112
1701972742.2731001 -2.26000 -0.00001 9 -15.000 -26.902115000000002 171.661112
1701972742.2731001 -2.26000 -0.00001 6 -15.000 -26.902115000000002 171.661112
1701972742.2731001 -2.26000 -0.00001 12 -15.000 -26.902115000000002 171.661112
1701972753.0492558 -2.26000 -0.00001 7 -25.000 -26.902115000000002 171.661112
1701972753.0492558 -2.26000 -0.00001 7 -25.000 -26.902115000000002 171.661112
1701972753.0492558 -2.26000 -0.00001 8 -25.000 -26.902115000000002 171.661112
1701972753.0492558 -2.26000 -0.00001 11 -25.000 -26.902115000000002 171.661112
1701972753.0492558 -2.26000 -0.00001 10 -25.000 -26.902115000000002 171.661112
1701972764.2150357 -2.28000 -0.00001 27 -15.000 -139.63478800000001 156.288477
1701972764.2150357 -2.28000 -0.00001 8 -15.000 -139.63478800000001 156.288477
1701972764.2150357 -2.28000 -0.00001 17 -15.000 -139.63478800000001 156.288477
1701972764.2150357 -2.28000 -0.00001 17 -15.000 -139.63478800000001 156.288477
1701972764.2150357 -2.28000 -0.00001 9 -15.000 -139.63478800000001 156.288477
1701972774.9872599 -2.28000 -0.00001 12 -25.000 -139.63478800000001 156.288477
1701972774.9872599 -2.28000 -0.00001 12 -25.000 -139.63478800000001 156.288477
1701972774.9872599 -2.28000 -0.00001 14 -25.000 -139.63478800000001 156.288477
1701972774.9872599 -2.28000 -0.00001 11 -25.000 -139.63478800000001 156.288477
1701972774.9872599 -2.28000 -0.00001 12 -25.000 -139.63478800000001 156.288477
1701972786.3593042 -2.30000 -0.00001 22 -15.000 -155.00742200000002 94.79792789999999
1701972786.3593042 -2.30000 -0.00001 14 -15.000 -155.00742200000002 94.79792789999999
1701972786.3593042 -2.30000 -0.00001 17 -15.000 -155.00742200000002 94.79792789999999
1701972786.3593042 -2.30000 -0.00001 12 -15.000 -155.00742200000002 94.79792789999999
1701972786.3593042 -2.30000 -0.00001 17 -15.000 -155.00742200000002 94.79792789999999
1701972797.0407946 -2.30000 -0.00001 16 -25.000 -155.00742200000002 94.79792789999999
1701972797.0407946 -2.30000 -0.00001 12 -25.000 -155.00742200000002 94.79792789999999
1701972797.0407946 -2.30000 -0.00001 16 -25.000 -155.00742200000002 94.79792789999999
1701972797.0407946 -2.30000 -0.00001 27 -25.000 -155.00742200000002 94.79792789999999
1701972797.0407946 -2.30000 -0.00001 18 -25.000 -155.00742200000002 94.79792789999999
1701972808.2929454 -2.32000 -0.00001 28 -15.000 -155.00742200000002 171.661112
1701972808.2929454 -2.32000 -0.00001 32 -15.000 -155.00742200000002 171.661112
1701972808.2929454 -2.32000 -0.00001 23 -15.000 -155.00742200000002 171.661112
1701972808.2929454 -2.32000 -0.00001 31 -15.000 -155.00742200000002 171.661112
1701972808.2929454 -2.32000 -0.00001 38 -15.000 -155.00742200000002 171.661112
1701972818.9546902 -2.32000 -0.00001 15 -25.000 -155.00742200000002 171.661112
1701972818.9546902 -2.32000 -0.00001 21 -25.000 -155.00742200000002 171.661112
1701972818.9546902 -2.32000 -0.00001 20 -25.000 -155.00742200000002 171.661112
1701972818.9546902 -2.32000 -0.00001 14 -25.000 -155.00742200000002 171.661112
1701972818.9546902 -2.32000 -0.00001 24 -25.000 -155.00742200000002 171.661112
1701972830.2325747 -2.34000 -0.00001 17 -15.000 -155.00742200000002 171.661112
1701972830.2325747 -2.34000 -0.00001 20 -15.000 -155.00742200000002 171.661112
1701972830.2325747 -2.34000 -0.00001 30 -15.000 -155.00742200000002 171.661112
1701972830.2325747 -2.34000 -0.00001 30 -15.000 -155.00742200000002 171.661112
1701972830.2325747 -2.34000 -0.00001 28 -15.000 -155.00742200000002 171.661112
1701972841.0193949 -2.34000 -0.00001 26 -25.000 -155.00742200000002 171.661112
1701972841.0193949 -2.34000 -0.00001 37 -25.000 -155.00742200000002 171.661112
1701972841.0193949 -2.34000 -0.00001 19 -25.000 -155.00742200000002 171.661112
1701972841.0193949 -2.34000 -0.00001 25 -25.000 -155.00742200000002 171.661112
1701972841.0193949 -2.34000 -0.00001 22 -25.000 -155.00742200000002 171.661112
1701972852.275498 -2.36000 -0.00001 44 -15.000 -160.131633 181.909535
1701972852.275498 -2.36000 -0.00001 34 -15.000 -160.131633 181.909535
1701972852.275498 -2.36000 -0.00001 44 -15.000 -160.131633 181.909535
1701972852.275498 -2.36000 -0.00001 38 -15.000 -160.131633 181.909535
1701972852.275498 -2.36000 -0.00001 44 -15.000 -160.131633 181.909535
1701972863.0512483 -2.36000 -0.00001 33 -25.000 -160.131633 181.909535
1701972863.0512483 -2.36000 -0.00001 45 -25.000 -160.131633 181.909535
1701972863.0512483 -2.36000 -0.00001 31 -25.000 -160.131633 181.909535
1701972863.0512483 -2.36000 -0.00001 38 -25.000 -160.131633 181.909535
1701972863.0512483 -2.36000 -0.00001 35 -25.000 -160.131633 181.909535
1701972874.218595 -2.38000 -0.00001 46 -15.000 -160.131633 187.033748
1701972874.218595 -2.38000 -0.00001 57 -15.000 -160.131633 187.033748
1701972874.218595 -2.38000 -0.00001 35 -15.000 -160.131633 187.033748
1701972874.218595 -2.38000 -0.00001 58 -15.000 -160.131633 187.033748
1701972874.218595 -2.38000 -0.00001 45 -15.000 -160.131633 187.033748
1701972884.9753344 -2.38000 -0.00001 43 -25.000 -160.131633 187.033748
1701972884.9753344 -2.38000 -0.00001 48 -25.000 -160.131633 187.033748
1701972884.9753344 -2.38000 -0.00001 51 -25.000 -160.131633 187.033748
1701972884.9753344 -2.38000 -0.00001 48 -25.000 -160.131633 187.033748
1701972884.9753344 -2.38000 -0.00001 44 -25.000 -160.131633 187.033748
1701972896.3517203 -2.40000 -0.00001 60 -15.000 -160.131633 192.15796
1701972896.3517203 -2.40000 -0.00001 63 -15.000 -160.131633 192.15796
1701972896.3517203 -2.40000 -0.00001 81 -15.000 -160.131633 192.15796
1701972896.3517203 -2.40000 -0.00001 70 -15.000 -160.131633 192.15796
1701972896.3517203 -2.40000 -0.00001 75 -15.000 -160.131633 192.15796
1701972907.0238352 -2.40000 -0.00001 67 -25.000 -160.131633 192.15796
1701972907.0238352 -2.40000 -0.00001 59 -25.000 -160.131633 192.15796
1701972907.0238352 -2.40000 -0.00001 67 -25.000 -160.131633 192.15796
1701972907.0238352 -2.40000 -0.00001 63 -25.000 -160.131633 192.15796
1701972907.0238352 -2.40000 -0.00001 67 -25.000 -160.131633 192.15796
1701972918.3908434 -2.42000 -0.00001 71 -15.000 -165.25584500000002 192.15796
1701972918.3908434 -2.42000 -0.00001 76 -15.000 -165.25584500000002 192.15796
1701972918.3908434 -2.42000 -0.00001 72 -15.000 -165.25584500000002 192.15796
1701972918.3908434 -2.42000 -0.00001 87 -15.000 -165.25584500000002 192.15796
1701972918.3908434 -2.42000 -0.00001 83 -15.000 -165.25584500000002 192.15796
1701972928.9510438 -2.42000 -0.00001 95 -25.000 -165.25584500000002 192.15796
1701972928.9510438 -2.42000 -0.00001 84 -25.000 -165.25584500000002 192.15796
1701972928.9510438 -2.42000 -0.00001 79 -25.000 -165.25584500000002 192.15796
1701972928.9510438 -2.42000 -0.00001 70 -25.000 -165.25584500000002 192.15796
1701972928.9510438 -2.42000 -0.00001 74 -25.000 -165.25584500000002 192.15796
1701972940.4305732 -2.44000 -0.00001 96 -15.000 -165.25584500000002 192.15796
1701972940.4305732 -2.44000 -0.00001 93 -15.000 -165.25584500000002 192.15796
1701972940.4305732 -2.44000 -0.00001 103 -15.000 -165.25584500000002 192.15796
1701972940.4305732 -2.44000 -0.00001 98 -15.000 -165.25584500000002 192.15796
1701972940.4305732 -2.44000 -0.00001 103 -15.000 -165.25584500000002 192.15796
1701972951.0041401 -2.44000 -0.00001 85 -25.000 -165.25584500000002 192.15796
1701972951.0041401 -2.44000 -0.00001 111 -25.000 -165.25584500000002 192.15796
1701972951.0041401 -2.44000 -0.00001 104 -25.000 -165.25584500000002 192.15796
1701972951.0041401 -2.44000 -0.00001 89 -25.000 -165.25584500000002 192.15796
1701972951.0041401 -2.44000 -0.00001 99 -25.000 -165.25584500000002 192.15796
1701972962.3698368 -2.46000 -0.00001 123 -15.000 -170.380056 192.15796
1701972962.3698368 -2.46000 -0.00001 114 -15.000 -170.380056 192.15796
1701972962.3698368 -2.46000 -0.00001 114 -15.000 -170.380056 192.15796
1701972962.3698368 -2.46000 -0.00001 98 -15.000 -170.380056 192.15796
1701972962.3698368 -2.46000 -0.00001 125 -15.000 -170.380056 192.15796
1701972973.0549364 -2.46000 -0.00001 130 -25.000 -170.380056 192.15796
1701972973.0549364 -2.46000 -0.00001 113 -25.000 -170.380056 192.15796
1701972973.0549364 -2.46000 -0.00001 115 -25.000 -170.380056 192.15796
1701972973.0549364 -2.46000 -0.00001 136 -25.000 -170.380056 192.15796
1701972973.0549364 -2.46000 -0.00001 112 -25.000 -170.380056 192.15796
1701972984.3135848 -2.48000 -0.00001 140 -15.000 -170.380056 202.406382
1701972984.3135848 -2.48000 -0.00001 132 -15.000 -170.380056 202.406382
1701972984.3135848 -2.48000 -0.00001 152 -15.000 -170.380056 202.406382
1701972984.3135848 -2.48000 -0.00001 136 -15.000 -170.380056 202.406382
1701972984.3135848 -2.48000 -0.00001 164 -15.000 -170.380056 202.406382
1701972994.9706867 -2.48000 -0.00001 133 -25.000 -170.380056 202.406382
1701972994.9706867 -2.48000 -0.00001 164 -25.000 -170.380056 202.406382
1701972994.9706867 -2.48000 -0.00001 166 -25.000 -170.380056 202.406382
1701972994.9706867 -2.48000 -0.00001 151 -25.000 -170.380056 202.406382
1701972994.9706867 -2.48000 -0.00001 142 -25.000 -170.380056 202.406382
1701973006.348788 -2.50000 -0.00001 179 -15.000 -175.504267 202.406382
1701973006.348788 -2.50000 -0.00001 173 -15.000 -175.504267 202.406382
1701973006.348788 -2.50000 -0.00001 178 -15.000 -175.504267 202.406382
1701973006.348788 -2.50000 -0.00001 168 -15.000 -175.504267 202.406382
1701973006.348788 -2.50000 -0.00001 149 -15.000 -175.504267 202.406382
1701973017.021594 -2.50000 -0.00001 178 -25.000 -175.504267 202.406382
1701973017.021594 -2.50000 -0.00001 179 -25.000 -175.504267 202.406382
1701973017.021594 -2.50000 -0.00001 166 -25.000 -175.504267 202.406382
1701973017.021594 -2.50000 -0.00001 180 -25.000 -175.504267 202.406382
1701973017.021594 -2.50000 -0.00001 174 -25.000 -175.504267 202.406382
1701973028.2942846 -2.52000 -0.00001 208 -15.000 -175.504267 202.406382
1701973028.2942846 -2.52000 -0.00001 192 -15.000 -175.504267 202.406382
1701973028.2942846 -2.52000 -0.00001 208 -15.000 -175.504267 202.406382
1701973028.2942846 -2.52000 -0.00001 182 -15.000 -175.504267 202.406382
1701973028.2942846 -2.52000 -0.00001 187 -15.000 -175.504267 202.406382
1701973038.949705 -2.52000 -0.00001 214 -25.000 -175.504267 202.406382
1701973038.949705 -2.52000 -0.00001 188 -25.000 -175.504267 202.406382
1701973038.949705 -2.52000 -0.00001 207 -25.000 -175.504267 202.406382
1701973038.949705 -2.52000 -0.00001 177 -25.000 -175.504267 202.406382
1701973038.949705 -2.52000 -0.00001 172 -25.000 -175.504267 202.406382
1701973050.3345568 -2.54000 -0.00001 206 -15.000 -175.504267 202.406382
1701973050.3345568 -2.54000 -0.00001 245 -15.000 -175.504267 202.406382
1701973050.3345568 -2.54000 -0.00001 232 -15.000 -175.504267 202.406382
1701973050.3345568 -2.54000 -0.00001 246 -15.000 -175.504267 202.406382
1701973050.3345568 -2.54000 -0.00001 258 -15.000 -175.504267 202.406382
1701973061.0025206 -2.54000 -0.00001 218 -25.000 -175.504267 202.406382
1701973061.0025206 -2.54000 -0.00001 231 -25.000 -175.504267 202.406382
1701973061.0025206 -2.54000 -0.00001 205 -25.000 -175.504267 202.406382
1701973061.0025206 -2.54000 -0.00001 222 -25.000 -175.504267 202.406382
1701973061.0025206 -2.54000 -0.00001 216 -25.000 -175.504267 202.406382
1701973072.2673523 -2.56000 -0.00001 258 -15.000 -180.628479 207.530593
1701973072.2673523 -2.56000 -0.00001 263 -15.000 -180.628479 207.530593
1701973072.2673523 -2.56000 -0.00001 243 -15.000 -180.628479 207.530593
1701973072.2673523 -2.56000 -0.00001 279 -15.000 -180.628479 207.530593
1701973072.2673523 -2.56000 -0.00001 267 -15.000 -180.628479 207.530593
1701973083.0307505 -2.56000 -0.00001 253 -25.000 -180.628479 207.530593
1701973083.0307505 -2.56000 -0.00001 260 -25.000 -180.628479 207.530593
1701973083.0307505 -2.56000 -0.00001 262 -25.000 -180.628479 207.530593
1701973083.0307505 -2.56000 -0.00001 273 -25.000 -180.628479 207.530593
1701973083.0307505 -2.56000 -0.00001 271 -25.000 -180.628479 207.530593
1701973094.2071557 -2.58000 -0.00001 307 -15.000 -180.628479 207.530593
1701973094.2071557 -2.58000 -0.00001 302 -15.000 -180.628479 207.530593
1701973094.2071557 -2.58000 -0.00001 287 -15.000 -180.628479 207.530593
1701973094.2071557 -2.58000 -0.00001 298 -15.000 -180.628479 207.530593
1701973094.2071557 -2.58000 -0.00001 319 -15.000 -180.628479 207.530593
1701973104.9821668 -2.58000 -0.00001 293 -25.000 -180.628479 207.530593
1701973104.9821668 -2.58000 -0.00001 305 -25.000 -180.628479 207.530593
1701973104.9821668 -2.58000 -0.00001 302 -25.000 -180.628479 207.530593
1701973104.9821668 -2.58000 -0.00001 287 -25.000 -180.628479 207.530593
1701973104.9821668 -2.58000 -0.00001 314 -25.000 -180.628479 207.530593
1701973116.246948 -2.60000 -0.00001 316 -15.000 -180.628479 212.654807
1701973116.246948 -2.60000 -0.00001 309 -15.000 -180.628479 212.654807
1701973116.246948 -2.60000 -0.00001 353 -15.000 -180.628479 212.654807
1701973116.246948 -2.60000 -0.00001 338 -15.000 -180.628479 212.654807
1701973116.246948 -2.60000 -0.00001 326 -15.000 -180.628479 212.654807
1701973127.0212731 -2.60000 -0.00001 319 -25.000 -180.628479 212.654807
1701973127.0212731 -2.60000 -0.00001 327 -25.000 -180.628479 212.654807
1701973127.0212731 -2.60000 -0.00001 304 -25.000 -180.628479 212.654807
1701973127.0212731 -2.60000 -0.00001 349 -25.000 -180.628479 212.654807
1701973127.0212731 -2.60000 -0.00001 304 -25.000 -180.628479 212.654807
1701973138.2879505 -2.62000 -0.00001 355 -15.000 -185.75269 217.77901799999998
1701973138.2879505 -2.62000 -0.00001 375 -15.000 -185.75269 217.77901799999998
1701973138.2879505 -2.62000 -0.00001 312 -15.000 -185.75269 217.77901799999998
1701973138.2879505 -2.62000 -0.00001 360 -15.000 -185.75269 217.77901799999998
1701973138.2879505 -2.62000 -0.00001 386 -15.000 -185.75269 217.77901799999998
1701973148.9486384 -2.62000 -0.00001 344 -25.000 -185.75269 217.77901799999998
1701973148.9486384 -2.62000 -0.00001 331 -25.000 -185.75269 217.77901799999998
1701973148.9486384 -2.62000 -0.00001 358 -25.000 -185.75269 217.77901799999998
1701973148.9486384 -2.62000 -0.00001 355 -25.000 -185.75269 217.77901799999998
1701973148.9486384 -2.62000 -0.00001 341 -25.000 -185.75269 217.77901799999998
1701973160.2263823 -2.64000 -0.00001 402 -15.000 -185.75269 217.77901799999998
1701973160.2263823 -2.64000 -0.00001 406 -15.000 -185.75269 217.77901799999998
1701973160.2263823 -2.64000 -0.00001 402 -15.000 -185.75269 217.77901799999998
1701973160.2263823 -2.64000 -0.00001 385 -15.000 -185.75269 217.77901799999998
1701973160.2263823 -2.64000 -0.00001 383 -15.000 -185.75269 217.77901799999998
1701973171.0011399 -2.64000 -0.00001 410 -25.000 -185.75269 217.77901799999998
1701973171.0011399 -2.64000 -0.00001 436 -25.000 -185.75269 217.77901799999998
1701973171.0011399 -2.64000 -0.00001 414 -25.000 -185.75269 217.77901799999998
1701973171.0011399 -2.64000 -0.00001 366 -25.000 -185.75269 217.77901799999998
1701973171.0011399 -2.64000 -0.00001 358 -25.000 -185.75269 217.77901799999998
1701973182.2667582 -2.66000 -0.00001 443 -15.000 -190.87690099999998 222.903229
1701973182.2667582 -2.66000 -0.00001 428 -15.000 -190.87690099999998 222.903229
1701973182.2667582 -2.66000 -0.00001 461 -15.000 -190.87690099999998 222.903229
1701973182.2667582 -2.66000 -0.00001 450 -15.000 -190.87690099999998 222.903229
1701973182.2667582 -2.66000 -0.00001 443 -15.000 -190.87690099999998 222.903229
1701973193.0418224 -2.66000 -0.00001 431 -25.000 -190.87690099999998 222.903229
1701973193.0418224 -2.66000 -0.00001 422 -25.000 -190.87690099999998 222.903229
1701973193.0418224 -2.66000 -0.00001 422 -25.000 -190.87690099999998 222.903229
1701973193.0418224 -2.66000 -0.00001 410 -25.000 -190.87690099999998 222.903229
1701973193.0418224 -2.66000 -0.00001 472 -25.000 -190.87690099999998 222.903229
1701973204.2053785 -2.68000 -0.00001 449 -15.000 -190.87690099999998 222.903229
1701973204.2053785 -2.68000 -0.00001 496 -15.000 -190.87690099999998 222.903229
1701973204.2053785 -2.68000 -0.00001 475 -15.000 -190.87690099999998 222.903229
1701973204.2053785 -2.68000 -0.00001 471 -15.000 -190.87690099999998 222.903229
1701973204.2053785 -2.68000 -0.00001 467 -15.000 -190.87690099999998 222.903229
1701973214.9816802 -2.68000 -0.00001 471 -25.000 -190.87690099999998 222.903229
1701973214.9816802 -2.68000 -0.00001 475 -25.000 -190.87690099999998 222.903229
1701973214.9816802 -2.68000 -0.00001 475 -25.000 -190.87690099999998 222.903229
1701973214.9816802 -2.68000 -0.00001 473 -25.000 -190.87690099999998 222.903229
1701973214.9816802 -2.68000 -0.00001 506 -25.000 -190.87690099999998 222.903229
1701973226.2459989 -2.70000 -0.00001 528 -15.000 -196.001112 228.027441
1701973226.2459989 -2.70000 -0.00001 516 -15.000 -196.001112 228.027441
1701973226.2459989 -2.70000 -0.00001 516 -15.000 -196.001112 228.027441
1701973226.2459989 -2.70000 -0.00001 513 -15.000 -196.001112 228.027441
1701973226.2459989 -2.70000 -0.00001 495 -15.000 -196.001112 228.027441
1701973237.014195 -2.70000 -0.00001 538 -25.000 -196.001112 228.027441
1701973237.014195 -2.70000 -0.00001 528 -25.000 -196.001112 228.027441
1701973237.014195 -2.70000 -0.00001 498 -25.000 -196.001112 228.027441
1701973237.014195 -2.70000 -0.00001 519 -25.000 -196.001112 228.027441
1701973237.014195 -2.70000 -0.00001 500 -25.000 -196.001112 228.027441
1701973248.1846902 -2.72000 -0.00001 536 -15.000 -196.001112 228.027441
1701973248.1846902 -2.72000 -0.00001 557 -15.000 -196.001112 228.027441
1701973248.1846902 -2.72000 -0.00001 554 -15.000 -196.001112 228.027441
1701973248.1846902 -2.72000 -0.00001 533 -15.000 -196.001112 228.027441
1701973248.1846902 -2.72000 -0.00001 546 -15.000 -196.001112 228.027441
1701973258.948319 -2.72000 -0.00001 563 -25.000 -196.001112 228.027441
1701973258.948319 -2.72000 -0.00001 592 -25.000 -196.001112 228.027441
1701973258.948319 -2.72000 -0.00001 506 -25.000 -196.001112 228.027441
1701973258.948319 -2.72000 -0.00001 574 -25.000 -196.001112 228.027441
1701973258.948319 -2.72000 -0.00001 584 -25.000 -196.001112 228.027441
1701973270.2259014 -2.74000 -0.00001 575 -15.000 -196.001112 228.027441
1701973270.2259014 -2.74000 -0.00001 638 -15.000 -196.001112 228.027441
1701973270.2259014 -2.74000 -0.00001 625 -15.000 -196.001112 228.027441
1701973270.2259014 -2.74000 -0.00001 571 -15.000 -196.001112 228.027441
1701973270.2259014 -2.74000 -0.00001 630 -15.000 -196.001112 228.027441
1701973281.0020735 -2.74000 -0.00001 602 -25.000 -196.001112 228.027441
1701973281.0020735 -2.74000 -0.00001 605 -25.000 -196.001112 228.027441
1701973281.0020735 -2.74000 -0.00001 579 -25.000 -196.001112 228.027441
1701973281.0020735 -2.74000 -0.00001 593 -25.000 -196.001112 228.027441
1701973281.0020735 -2.74000 -0.00001 592 -25.000 -196.001112 228.027441
1701973292.1644716 -2.76000 -0.00001 661 -15.000 -201.125324 238.27586300000002
1701973292.1644716 -2.76000 -0.00001 642 -15.000 -201.125324 238.27586300000002
1701973292.1644716 -2.76000 -0.00001 641 -15.000 -201.125324 238.27586300000002
1701973292.1644716 -2.76000 -0.00001 656 -15.000 -201.125324 238.27586300000002
1701973292.1644716 -2.76000 -0.00001 632 -15.000 -201.125324 238.27586300000002
1701973303.039984 -2.76000 -0.00001 667 -25.000 -201.125324 238.27586300000002
1701973303.039984 -2.76000 -0.00001 640 -25.000 -201.125324 238.27586300000002
1701973303.039984 -2.76000 -0.00001 650 -25.000 -201.125324 238.27586300000002
1701973303.039984 -2.76000 -0.00001 690 -25.000 -201.125324 238.27586300000002
1701973303.039984 -2.76000 -0.00001 661 -25.000 -201.125324 238.27586300000002
1701973314.2051194 -2.78000 -0.00001 733 -15.000 -201.125324 238.27586300000002
1701973314.2051194 -2.78000 -0.00001 685 -15.000 -201.125324 238.27586300000002
1701973314.2051194 -2.78000 -0.00001 677 -15.000 -201.125324 238.27586300000002
1701973314.2051194 -2.78000 -0.00001 717 -15.000 -201.125324 238.27586300000002
1701973314.2051194 -2.78000 -0.00001 691 -15.000 -201.125324 238.27586300000002
1701973324.968404 -2.78000 -0.00001 741 -25.000 -201.125324 238.27586300000002
1701973324.968404 -2.78000 -0.00001 707 -25.000 -201.125324 238.27586300000002
1701973324.968404 -2.78000 -0.00001 719 -25.000 -201.125324 238.27586300000002
1701973324.968404 -2.78000 -0.00001 686 -25.000 -201.125324 238.27586300000002
1701973324.968404 -2.78000 -0.00001 733 -25.000 -201.125324 238.27586300000002
1701973336.3460474 -2.80000 -0.00001 733 -15.000 -201.125324 243.40008899999998
1701973336.3460474 -2.80000 -0.00001 750 -15.000 -201.125324 243.40008899999998
1701973336.3460474 -2.80000 -0.00001 767 -15.000 -201.125324 243.40008899999998
1701973336.3460474 -2.80000 -0.00001 752 -15.000 -201.125324 243.40008899999998
1701973336.3460474 -2.80000 -0.00001 750 -15.000 -201.125324 243.40008899999998
1701973347.020773 -2.80000 -0.00001 775 -25.000 -201.125324 243.40008899999998
1701973347.020773 -2.80000 -0.00001 734 -25.000 -201.125324 243.40008899999998
1701973347.020773 -2.80000 -0.00001 738 -25.000 -201.125324 243.40008899999998
1701973347.020773 -2.80000 -0.00001 766 -25.000 -201.125324 243.40008899999998
1701973347.020773 -2.80000 -0.00001 726 -25.000 -201.125324 243.40008899999998
1701973358.1845927 -2.82000 -0.00001 811 -15.000 -201.125324 243.40008899999998
1701973358.1845927 -2.82000 -0.00001 827 -15.000 -201.125324 243.40008899999998
1701973358.1845927 -2.82000 -0.00001 845 -15.000 -201.125324 243.40008899999998
1701973358.1845927 -2.82000 -0.00001 780 -15.000 -201.125324 243.40008899999998
1701973358.1845927 -2.82000 -0.00001 828 -15.000 -201.125324 243.40008899999998
1701973368.9469159 -2.82000 -0.00001 850 -25.000 -201.125324 243.40008899999998
1701973368.9469159 -2.82000 -0.00001 828 -25.000 -201.125324 243.40008899999998
1701973368.9469159 -2.82000 -0.00001 801 -25.000 -201.125324 243.40008899999998
1701973368.9469159 -2.82000 -0.00001 844 -25.000 -201.125324 243.40008899999998
1701973368.9469159 -2.82000 -0.00001 814 -25.000 -201.125324 243.40008899999998
1701973380.2246828 -2.84000 -0.00001 872 -15.000 -206.24955 243.40008899999998
1701973380.2246828 -2.84000 -0.00001 872 -15.000 -206.24955 243.40008899999998
1701973380.2246828 -2.84000 -0.00001 888 -15.000 -206.24955 243.40008899999998
1701973380.2246828 -2.84000 -0.00001 896 -15.000 -206.24955 243.40008899999998
1701973380.2246828 -2.84000 -0.00001 900 -15.000 -206.24955 243.40008899999998
1701973391.0007339 -2.84000 -0.00001 859 -25.000 -206.24955 243.40008899999998
1701973391.0007339 -2.84000 -0.00001 843 -25.000 -206.24955 243.40008899999998
1701973391.0007339 -2.84000 -0.00001 894 -25.000 -206.24955 243.40008899999998
1701973391.0007339 -2.84000 -0.00001 879 -25.000 -206.24955 243.40008899999998
1701973391.0007339 -2.84000 -0.00001 909 -25.000 -206.24955 243.40008899999998
1701973402.2654505 -2.86000 -0.00001 937 -15.000 -211.373761 243.40008899999998
1701973402.2654505 -2.86000 -0.00001 960 -15.000 -211.373761 243.40008899999998
1701973402.2654505 -2.86000 -0.00001 981 -15.000 -211.373761 243.40008899999998
1701973402.2654505 -2.86000 -0.00001 948 -15.000 -211.373761 243.40008899999998
1701973402.2654505 -2.86000 -0.00001 944 -15.000 -211.373761 243.40008899999998
1701973413.040547 -2.86000 -0.00001 988 -25.000 -211.373761 243.40008899999998
1701973413.040547 -2.86000 -0.00001 963 -25.000 -211.373761 243.40008899999998
1701973413.040547 -2.86000 -0.00001 944 -25.000 -211.373761 243.40008899999998
1701973413.040547 -2.86000 -0.00001 932 -25.000 -211.373761 243.40008899999998
1701973413.040547 -2.86000 -0.00001 971 -25.000 -211.373761 243.40008899999998
1701973424.2038295 -2.88000 -0.00001 981 -15.000 -211.373761 248.524301
1701973424.2038295 -2.88000 -0.00001 1046 -15.000 -211.373761 248.524301
1701973424.2038295 -2.88000 -0.00001 1065 -15.000 -211.373761 248.524301
1701973424.2038295 -2.88000 -0.00001 1061 -15.000 -211.373761 248.524301
1701973424.2038295 -2.88000 -0.00001 999 -15.000 -211.373761 248.524301
1701973434.981355 -2.88000 -0.00001 1056 -25.000 -211.373761 248.524301
1701973434.981355 -2.88000 -0.00001 1005 -25.000 -211.373761 248.524301
1701973434.981355 -2.88000 -0.00001 1015 -25.000 -211.373761 248.524301
1701973434.981355 -2.88000 -0.00001 1070 -25.000 -211.373761 248.524301
1701973434.981355 -2.88000 -0.00001 1046 -25.000 -211.373761 248.524301
1701973446.24467 -2.90000 -0.00001 1117 -15.000 -211.373761 248.524301
1701973446.24467 -2.90000 -0.00001 1106 -15.000 -211.373761 248.524301
1701973446.24467 -2.90000 -0.00001 1131 -15.000 -211.373761 248.524301
1701973446.24467 -2.90000 -0.00001 1117 -15.000 -211.373761 248.524301
1701973446.24467 -2.90000 -0.00001 1125 -15.000 -211.373761 248.524301
1701973457.0324647 -2.90000 -0.00001 1074 -25.000 -211.373761 248.524301
1701973457.0324647 -2.90000 -0.00001 1073 -25.000 -211.373761 248.524301
1701973457.0324647 -2.90000 -0.00001 1143 -25.000 -211.373761 248.524301
1701973457.0324647 -2.90000 -0.00001 1117 -25.000 -211.373761 248.524301
1701973457.0324647 -2.90000 -0.00001 1104 -25.000 -211.373761 248.524301
1701973468.284241 -2.92000 -0.00002 1210 -15.000 -216.497973 253.64851199999998
1701973468.284241 -2.92000 -0.00002 1176 -15.000 -216.497973 253.64851199999998
1701973468.284241 -2.92000 -0.00002 1203 -15.000 -216.497973 253.64851199999998
1701973468.284241 -2.92000 -0.00002 1183 -15.000 -216.497973 253.64851199999998
1701973468.284241 -2.92000 -0.00002 1181 -15.000 -216.497973 253.64851199999998
1701973478.9465976 -2.92000 -0.00002 1210 -25.000 -216.497973 253.64851199999998
1701973478.9465976 -2.92000 -0.00002 1280 -25.000 -216.497973 253.64851199999998
1701973478.9465976 -2.92000 -0.00002 1218 -25.000 -216.497973 253.64851199999998
1701973478.9465976 -2.92000 -0.00002 1215 -25.000 -216.497973 253.64851199999998
1701973478.9465976 -2.92000 -0.00002 1231 -25.000 -216.497973 253.64851199999998
1701973490.2242517 -2.94000 -0.00001 1314 -15.000 -216.497973 253.64851199999998
1701973490.2242517 -2.94000 -0.00001 1321 -15.000 -216.497973 253.64851199999998
1701973490.2242517 -2.94000 -0.00001 1338 -15.000 -216.497973 253.64851199999998
1701973490.2242517 -2.94000 -0.00001 1296 -15.000 -216.497973 253.64851199999998
1701973490.2242517 -2.94000 -0.00001 1348 -15.000 -216.497973 253.64851199999998
1701973501.0019815 -2.94000 -0.00001 1273 -25.000 -216.497973 253.64851199999998
1701973501.0019815 -2.94000 -0.00001 1316 -25.000 -216.497973 253.64851199999998
1701973501.0019815 -2.94000 -0.00001 1314 -25.000 -216.497973 253.64851199999998
1701973501.0019815 -2.94000 -0.00001 1328 -25.000 -216.497973 253.64851199999998
1701973501.0019815 -2.94000 -0.00001 1255 -25.000 -216.497973 253.64851199999998
1701973512.264356 -2.96000 -0.00001 1411 -15.000 -221.622184 258.772723
1701973512.264356 -2.96000 -0.00001 1355 -15.000 -221.622184 258.772723
1701973512.264356 -2.96000 -0.00001 1429 -15.000 -221.622184 258.772723
1701973512.264356 -2.96000 -0.00001 1372 -15.000 -221.622184 258.772723
1701973512.264356 -2.96000 -0.00001 1428 -15.000 -221.622184 258.772723
1701973523.0440092 -2.96000 -0.00001 1380 -25.000 -221.622184 258.772723
1701973523.0440092 -2.96000 -0.00001 1414 -25.000 -221.622184 258.772723
1701973523.0440092 -2.96000 -0.00001 1374 -25.000 -221.622184 258.772723
1701973523.0440092 -2.96000 -0.00001 1408 -25.000 -221.622184 258.772723
1701973523.0440092 -2.96000 -0.00001 1385 -25.000 -221.622184 258.772723
1701973534.20227 -2.98000 -0.00001 1524 -15.000 -221.622184 263.896935
1701973534.20227 -2.98000 -0.00001 1555 -15.000 -221.622184 263.896935
1701973534.20227 -2.98000 -0.00001 1583 -15.000 -221.622184 263.896935
1701973534.20227 -2.98000 -0.00001 1498 -15.000 -221.622184 263.896935
1701973534.20227 -2.98000 -0.00001 1531 -15.000 -221.622184 263.896935
1701973544.9646251 -2.98000 -0.00001 1515 -25.000 -221.622184 263.896935
1701973544.9646251 -2.98000 -0.00001 1554 -25.000 -221.622184 263.896935
1701973544.9646251 -2.98000 -0.00001 1475 -25.000 -221.622184 263.896935
1701973544.9646251 -2.98000 -0.00001 1528 -25.000 -221.622184 263.896935
1701973544.9646251 -2.98000 -0.00001 1484 -25.000 -221.622184 263.896935
1701973556.2419899 -3.00000 -0.00001 1623 -15.000 -221.622184 263.896935
1701973556.2419899 -3.00000 -0.00001 1593 -15.000 -221.622184 263.896935
1701973556.2419899 -3.00000 -0.00001 1600 -15.000 -221.622184 263.896935
1701973556.2419899 -3.00000 -0.00001 1587 -15.000 -221.622184 263.896935
1701973556.2419899 -3.00000 -0.00001 1598 -15.000 -221.622184 263.896935
1701973567.0311325 -3.00000 -0.00001 1588 -25.000 -221.622184 263.896935
1701973567.0311325 -3.00000 -0.00001 1617 -25.000 -221.622184 263.896935
1701973567.0311325 -3.00000 -0.00001 1617 -25.000 -221.622184 263.896935
1701973567.0311325 -3.00000 -0.00001 1629 -25.000 -221.622184 263.896935
1701973567.0311325 -3.00000 -0.00001 1565 -25.000 -221.622184 263.896935
1701973578.1813297 -3.02000 -0.00002 1752 -15.000 -226.74639499999998 269.021146
1701973578.1813297 -3.02000 -0.00002 1733 -15.000 -226.74639499999998 269.021146
1701973578.1813297 -3.02000 -0.00002 1738 -15.000 -226.74639499999998 269.021146
1701973578.1813297 -3.02000 -0.00002 1724 -15.000 -226.74639499999998 269.021146
1701973578.1813297 -3.02000 -0.00002 1771 -15.000 -226.74639499999998 269.021146
1701973588.945258 -3.02000 -0.00002 1789 -25.000 -226.74639499999998 269.021146
1701973588.945258 -3.02000 -0.00002 1747 -25.000 -226.74639499999998 269.021146
1701973588.945258 -3.02000 -0.00002 1731 -25.000 -226.74639499999998 269.021146
1701973588.945258 -3.02000 -0.00002 1707 -25.000 -226.74639499999998 269.021146
1701973588.945258 -3.02000 -0.00002 1718 -25.000 -226.74639499999998 269.021146
1701973600.222271 -3.04000 -0.00001 1866 -15.000 -226.74639499999998 269.021146
1701973600.222271 -3.04000 -0.00001 1845 -15.000 -226.74639499999998 269.021146
1701973600.222271 -3.04000 -0.00001 1862 -15.000 -226.74639499999998 269.021146
1701973600.222271 -3.04000 -0.00001 1891 -15.000 -226.74639499999998 269.021146
1701973600.222271 -3.04000 -0.00001 1855 -15.000 -226.74639499999998 269.021146
1701973610.9982703 -3.04000 -0.00001 1856 -25.000 -226.74639499999998 269.021146
1701973610.9982703 -3.04000 -0.00001 1868 -25.000 -226.74639499999998 269.021146
1701973610.9982703 -3.04000 -0.00001 1822 -25.000 -226.74639499999998 269.021146
1701973610.9982703 -3.04000 -0.00001 1864 -25.000 -226.74639499999998 269.021146
1701973610.9982703 -3.04000 -0.00001 1878 -25.000 -226.74639499999998 269.021146
1701973622.2631254 -3.06000 -0.00002 1976 -15.000 -231.870607 274.145357
1701973622.2631254 -3.06000 -0.00002 2009 -15.000 -231.870607 274.145357
1701973622.2631254 -3.06000 -0.00002 1958 -15.000 -231.870607 274.145357
1701973622.2631254 -3.06000 -0.00002 1939 -15.000 -231.870607 274.145357
1701973622.2631254 -3.06000 -0.00002 1949 -15.000 -231.870607 274.145357
1701973633.0384798 -3.06000 -0.00002 1989 -25.000 -231.870607 274.145357
1701973633.0384798 -3.06000 -0.00002 2022 -25.000 -231.870607 274.145357
1701973633.0384798 -3.06000 -0.00002 1984 -25.000 -231.870607 274.145357
1701973633.0384798 -3.06000 -0.00002 2013 -25.000 -231.870607 274.145357
1701973633.0384798 -3.06000 -0.00002 1967 -25.000 -231.870607 274.145357
1701973644.2022288 -3.08000 -0.00002 2095 -15.000 -247.24324000000001 274.145357
1701973644.2022288 -3.08000 -0.00002 2128 -15.000 -247.24324000000001 274.145357
1701973644.2022288 -3.08000 -0.00002 2121 -15.000 -247.24324000000001 274.145357
1701973644.2022288 -3.08000 -0.00002 2098 -15.000 -247.24324000000001 274.145357
1701973644.2022288 -3.08000 -0.00002 2064 -15.000 -247.24324000000001 274.145357
1701973654.9657328 -3.08000 -0.00002 2120 -25.000 -247.24324000000001 274.145357
1701973654.9657328 -3.08000 -0.00002 2087 -25.000 -247.24324000000001 274.145357
1701973654.9657328 -3.08000 -0.00002 2097 -25.000 -247.24324000000001 274.145357
1701973654.9657328 -3.08000 -0.00002 2079 -25.000 -247.24324000000001 274.145357
1701973654.9657328 -3.08000 -0.00002 2141 -25.000 -247.24324000000001 274.145357
1701973666.1424108 -3.10000 -0.00002 2177 -15.000 -231.870607 274.145357
1701973666.1424108 -3.10000 -0.00002 2220 -15.000 -231.870607 274.145357
1701973666.1424108 -3.10000 -0.00002 2194 -15.000 -231.870607 274.145357
1701973666.1424108 -3.10000 -0.00002 2227 -15.000 -231.870607 274.145357
1701973666.1424108 -3.10000 -0.00002 2227 -15.000 -231.870607 274.145357
1701973677.0053086 -3.10000 -0.00002 2253 -25.000 -231.870607 274.145357
1701973677.0053086 -3.10000 -0.00002 2240 -25.000 -231.870607 274.145357
1701973677.0053086 -3.10000 -0.00002 2252 -25.000 -231.870607 274.145357
1701973677.0053086 -3.10000 -0.00002 2191 -25.000 -231.870607 274.145357
1701973677.0053086 -3.10000 -0.00002 2217 -25.000 -231.870607 274.145357
1701973688.2828748 -3.12000 -0.00002 2315 -15.000 -236.994818 284.39378
1701973688.2828748 -3.12000 -0.00002 2354 -15.000 -236.994818 284.39378
1701973688.2828748 -3.12000 -0.00002 2384 -15.000 -236.994818 284.39378
1701973688.2828748 -3.12000 -0.00002 2343 -15.000 -236.994818 284.39378
1701973688.2828748 -3.12000 -0.00002 2336 -15.000 -236.994818 284.39378
1701973698.9578042 -3.12000 -0.00002 2355 -25.000 -236.994818 284.39378
1701973698.9578042 -3.12000 -0.00002 2323 -25.000 -236.994818 284.39378
1701973698.9578042 -3.12000 -0.00002 2364 -25.000 -236.994818 284.39378
1701973698.9578042 -3.12000 -0.00002 2307 -25.000 -236.994818 284.39378
1701973698.9578042 -3.12000 -0.00002 2313 -25.000 -236.994818 284.39378
1701973710.2223592 -3.14000 -0.00002 2504 -15.000 -236.994818 284.39378
1701973710.2223592 -3.14000 -0.00002 2465 -15.000 -236.994818 284.39378
1701973710.2223592 -3.14000 -0.00002 2468 -15.000 -236.994818 284.39378
1701973710.2223592 -3.14000 -0.00002 2484 -15.000 -236.994818 284.39378
1701973710.2223592 -3.14000 -0.00002 2476 -15.000 -236.994818 284.39378
1701973720.996376 -3.14000 -0.00002 2472 -25.000 -236.994818 284.39378
1701973720.996376 -3.14000 -0.00002 2473 -25.000 -236.994818 284.39378
1701973720.996376 -3.14000 -0.00002 2498 -25.000 -236.994818 284.39378
1701973720.996376 -3.14000 -0.00002 2458 -25.000 -236.994818 284.39378
1701973720.996376 -3.14000 -0.00002 2429 -25.000 -236.994818 284.39378
1701973732.161162 -3.16000 -0.00002 2578 -15.000 -242.119029 279.269569
1701973732.161162 -3.16000 -0.00002 2593 -15.000 -242.119029 279.269569
1701973732.161162 -3.16000 -0.00002 2577 -15.000 -242.119029 279.269569
1701973732.161162 -3.16000 -0.00002 2612 -15.000 -242.119029 279.269569
1701973732.161162 -3.16000 -0.00002 2607 -15.000 -242.119029 279.269569
1701973743.027165 -3.16000 -0.00002 2567 -25.000 -242.119029 279.269569
1701973743.027165 -3.16000 -0.00002 2614 -25.000 -242.119029 279.269569
1701973743.027165 -3.16000 -0.00002 2601 -25.000 -242.119029 279.269569
1701973743.027165 -3.16000 -0.00002 2582 -25.000 -242.119029 279.269569
1701973743.027165 -3.16000 -0.00002 2580 -25.000 -242.119029 279.269569
1701973754.2073355 -3.18000 -0.00002 2718 -15.000 -242.119029 289.517991
1701973754.2073355 -3.18000 -0.00002 2706 -15.000 -242.119029 289.517991
1701973754.2073355 -3.18000 -0.00002 2714 -15.000 -242.119029 289.517991
1701973754.2073355 -3.18000 -0.00002 2751 -15.000 -242.119029 289.517991
1701973754.2073355 -3.18000 -0.00002 2726 -15.000 -242.119029 289.517991
1701973764.9648309 -3.18000 -0.00002 2708 -25.000 -242.119029 289.517991
1701973764.9648309 -3.18000 -0.00002 2660 -25.000 -242.119029 289.517991
1701973764.9648309 -3.18000 -0.00002 2730 -25.000 -242.119029 289.517991
1701973764.9648309 -3.18000 -0.00002 2702 -25.000 -242.119029 289.517991
1701973764.9648309 -3.18000 -0.00002 2718 -25.000 -242.119029 289.517991
1701973776.246075 -3.20000 -0.00002 2844 -15.000 -242.119029 289.517991
1701973776.246075 -3.20000 -0.00002 2770 -15.000 -242.119029 289.517991
1701973776.246075 -3.20000 -0.00002 2868 -15.000 -242.119029 289.517991
1701973776.246075 -3.20000 -0.00002 2841 -15.000 -242.119029 289.517991
1701973776.246075 -3.20000 -0.00002 2814 -15.000 -242.119029 289.517991
1701973787.016283 -3.20000 -0.00002 2819 -25.000 -242.119029 289.517991
1701973787.016283 -3.20000 -0.00002 2859 -25.000 -242.119029 289.517991
1701973787.016283 -3.20000 -0.00002 2819 -25.000 -242.119029 289.517991
1701973787.016283 -3.20000 -0.00002 2817 -25.000 -242.119029 289.517991
1701973787.016283 -3.20000 -0.00002 2835 -25.000 -242.119029 289.517991
1701973798.2819989 -3.22000 -0.00002 2979 -15.000 -247.24324000000001 289.517991
1701973798.2819989 -3.22000 -0.00002 2972 -15.000 -247.24324000000001 289.517991
1701973798.2819989 -3.22000 -0.00002 2980 -15.000 -247.24324000000001 289.517991
1701973798.2819989 -3.22000 -0.00002 2942 -15.000 -247.24324000000001 289.517991
1701973798.2819989 -3.22000 -0.00002 2948 -15.000 -247.24324000000001 289.517991
1701973808.9437919 -3.22000 -0.00002 2940 -25.000 -247.24324000000001 289.517991
1701973808.9437919 -3.22000 -0.00002 2946 -25.000 -247.24324000000001 289.517991
1701973808.9437919 -3.22000 -0.00002 2937 -25.000 -247.24324000000001 289.517991
1701973808.9437919 -3.22000 -0.00002 2950 -25.000 -247.24324000000001 289.517991
1701973808.9437919 -3.22000 -0.00002 2966 -25.000 -247.24324000000001 289.517991
1701973820.3217273 -3.24000 -0.00002 3055 -15.000 -257.491678 294.642203
1701973820.3217273 -3.24000 -0.00002 3083 -15.000 -257.491678 294.642203
1701973820.3217273 -3.24000 -0.00002 3092 -15.000 -257.491678 294.642203
1701973820.3217273 -3.24000 -0.00002 3051 -15.000 -257.491678 294.642203
1701973820.3217273 -3.24000 -0.00002 3045 -15.000 -257.491678 294.642203
1701973830.9939575 -3.24000 -0.00002 3073 -25.000 -257.491678 294.642203
1701973830.9939575 -3.24000 -0.00002 3024 -25.000 -257.491678 294.642203
1701973830.9939575 -3.24000 -0.00002 3070 -25.000 -257.491678 294.642203
1701973830.9939575 -3.24000 -0.00002 3059 -25.000 -257.491678 294.642203
1701973830.9939575 -3.24000 -0.00002 3084 -25.000 -257.491678 294.642203
1701973842.260244 -3.26000 -0.00002 3174 -15.000 -247.24324000000001 294.642203
1701973842.260244 -3.26000 -0.00002 3191 -15.000 -247.24324000000001 294.642203
1701973842.260244 -3.26000 -0.00002 3177 -15.000 -247.24324000000001 294.642203
1701973842.260244 -3.26000 -0.00002 3188 -15.000 -247.24324000000001 294.642203
1701973842.260244 -3.26000 -0.00002 3215 -15.000 -247.24324000000001 294.642203
1701973853.0325181 -3.26000 -0.00002 3179 -25.000 -247.24324000000001 294.642203
1701973853.0325181 -3.26000 -0.00002 3188 -25.000 -247.24324000000001 294.642203
1701973853.0325181 -3.26000 -0.00002 3128 -25.000 -247.24324000000001 294.642203
1701973853.0325181 -3.26000 -0.00002 3212 -25.000 -247.24324000000001 294.642203
1701973853.0325181 -3.26000 -0.00002 3218 -25.000 -247.24324000000001 294.642203
1701973864.3007994 -3.28000 -0.00002 3304 -15.000 -252.367467 299.766429
1701973864.3007994 -3.28000 -0.00002 3311 -15.000 -252.367467 299.766429
1701973864.3007994 -3.28000 -0.00002 3297 -15.000 -252.367467 299.766429
1701973864.3007994 -3.28000 -0.00002 3267 -15.000 -252.367467 299.766429
1701973864.3007994 -3.28000 -0.00002 3290 -15.000 -252.367467 299.766429
1701973874.9761488 -3.28000 -0.00002 3277 -25.000 -252.367467 299.766429
1701973874.9761488 -3.28000 -0.00002 3289 -25.000 -252.367467 299.766429
1701973874.9761488 -3.28000 -0.00002 3285 -25.000 -252.367467 299.766429
1701973874.9761488 -3.28000 -0.00002 3297 -25.000 -252.367467 299.766429
1701973874.9761488 -3.28000 -0.00002 3326 -25.000 -252.367467 299.766429
1701973886.341534 -3.30000 -0.00002 3445 -15.000 -252.367467 299.766429
1701973886.341534 -3.30000 -0.00002 3403 -15.000 -252.367467 299.766429
1701973886.341534 -3.30000 -0.00002 3422 -15.000 -252.367467 299.766429
1701973886.341534 -3.30000 -0.00002 3404 -15.000 -252.367467 299.766429
1701973886.341534 -3.30000 -0.00002 3414 -15.000 -252.367467 299.766429
1701973897.0166655 -3.30000 -0.00002 3459 -25.000 -252.367467 299.766429
1701973897.0166655 -3.30000 -0.00002 3398 -25.000 -252.367467 299.766429
1701973897.0166655 -3.30000 -0.00002 3427 -25.000 -252.367467 299.766429
1701973897.0166655 -3.30000 -0.00002 3398 -25.000 -252.367467 299.766429
1701973897.0166655 -3.30000 -0.00002 3415 -25.000 -252.367467 299.766429
