# This is data for a Photon Count Rate vs Bias curve
# Wafer : Device	Pa231025 : R1C3
# Bias Resistor : 1040000
# PCR measure comments: MIR microwire R1C3 pix 2
# MIR microwire R1C3 pix2
# Counter setup: keysight53220A
# 	Trigger Threshhold: -60 mV
# 	Noise Rejection: False
# 	Gate integration: 0.15 s
# Pulsed OFF
# 
# Cols: unixtime-[s]	 Bias-[V]	 Sense_Voltage-[V]	 Counts-[#Photons]	 Threshold-[mV]	 Min Peak Voltage-[mV]	 Peak to Peak Voltage-[mV]
1701974266.2108843 0.00000 -0.00001 0 -15.000 -11.5294773 28.1831678
1701974266.2108843 0.00000 -0.00001 0 -15.000 -11.5294773 28.1831678
1701974266.2108843 0.00000 -0.00001 0 -15.000 -11.5294773 28.1831678
1701974266.2108843 0.00000 -0.00001 0 -15.000 -11.5294773 28.1831678
1701974266.2108843 0.00000 -0.00001 0 -15.000 -11.5294773 28.1831678
1701974276.9858198 0.00000 -0.00001 0 -25.000 -11.5294773 28.1831678
1701974276.9858198 0.00000 -0.00001 0 -25.000 -11.5294773 28.1831678
1701974276.9858198 0.00000 -0.00001 0 -25.000 -11.5294773 28.1831678
1701974276.9858198 0.00000 -0.00001 0 -25.000 -11.5294773 28.1831678
1701974276.9858198 0.00000 -0.00001 0 -25.000 -11.5294773 28.1831678
1701974288.3515072 -1.50000 -0.00000 1 -15.000 -16.6536905 17.934742399999998
1701974288.3515072 -1.50000 -0.00000 0 -15.000 -16.6536905 17.934742399999998
1701974288.3515072 -1.50000 -0.00000 0 -15.000 -16.6536905 17.934742399999998
1701974288.3515072 -1.50000 -0.00000 0 -15.000 -16.6536905 17.934742399999998
1701974288.3515072 -1.50000 -0.00000 1 -15.000 -16.6536905 17.934742399999998
1701974299.0381365 -1.50000 -0.00000 0 -25.000 -16.6536905 17.934742399999998
1701974299.0381365 -1.50000 -0.00000 0 -25.000 -16.6536905 17.934742399999998
1701974299.0381365 -1.50000 -0.00000 0 -25.000 -16.6536905 17.934742399999998
1701974299.0381365 -1.50000 -0.00000 2 -25.000 -16.6536905 17.934742399999998
1701974299.0381365 -1.50000 -0.00000 1 -25.000 -16.6536905 17.934742399999998
1701974310.3926709 -1.52000 -0.00000 1 -15.000 -16.6536905 33.3073791
1701974310.3926709 -1.52000 -0.00000 1 -15.000 -16.6536905 33.3073791
1701974310.3926709 -1.52000 -0.00000 2 -15.000 -16.6536905 33.3073791
1701974310.3926709 -1.52000 -0.00000 3 -15.000 -16.6536905 33.3073791
1701974310.3926709 -1.52000 -0.00000 0 -15.000 -16.6536905 33.3073791
1701974320.9661496 -1.52000 -0.00000 0 -25.000 -16.6536905 33.3073791
1701974320.9661496 -1.52000 -0.00000 0 -25.000 -16.6536905 33.3073791
1701974320.9661496 -1.52000 -0.00000 0 -25.000 -16.6536905 33.3073791
1701974320.9661496 -1.52000 -0.00000 0 -25.000 -16.6536905 33.3073791
1701974320.9661496 -1.52000 -0.00000 0 -25.000 -16.6536905 33.3073791
1701974332.3321133 -1.54000 -0.00001 1 -15.000 -42.2747508 28.1831678
1701974332.3321133 -1.54000 -0.00001 6 -15.000 -42.2747508 28.1831678
1701974332.3321133 -1.54000 -0.00001 0 -15.000 -42.2747508 28.1831678
1701974332.3321133 -1.54000 -0.00001 0 -15.000 -42.2747508 28.1831678
1701974332.3321133 -1.54000 -0.00001 0 -15.000 -42.2747508 28.1831678
1701974343.0084867 -1.54000 -0.00001 1 -25.000 -42.2747508 28.1831678
1701974343.0084867 -1.54000 -0.00001 1 -25.000 -42.2747508 28.1831678
1701974343.0084867 -1.54000 -0.00001 1 -25.000 -42.2747508 28.1831678
1701974343.0084867 -1.54000 -0.00001 0 -25.000 -42.2747508 28.1831678
1701974343.0084867 -1.54000 -0.00001 0 -25.000 -42.2747508 28.1831678
1701974354.3726997 -1.56000 -0.00000 0 -15.000 -16.6536905 33.3073791
1701974354.3726997 -1.56000 -0.00000 1 -15.000 -16.6536905 33.3073791
1701974354.3726997 -1.56000 -0.00000 1 -15.000 -16.6536905 33.3073791
1701974354.3726997 -1.56000 -0.00000 0 -15.000 -16.6536905 33.3073791
1701974354.3726997 -1.56000 -0.00000 0 -15.000 -16.6536905 33.3073791
1701974364.9334815 -1.56000 -0.00000 0 -25.000 -16.6536905 33.3073791
1701974364.9334815 -1.56000 -0.00000 0 -25.000 -16.6536905 33.3073791
1701974364.9334815 -1.56000 -0.00000 0 -25.000 -16.6536905 33.3073791
1701974364.9334815 -1.56000 -0.00000 0 -25.000 -16.6536905 33.3073791
1701974364.9334815 -1.56000 -0.00000 1 -25.000 -16.6536905 33.3073791
1701974376.310959 -1.58000 -0.00001 0 -15.000 -11.5294773 28.1831678
1701974376.310959 -1.58000 -0.00001 1 -15.000 -11.5294773 28.1831678
1701974376.310959 -1.58000 -0.00001 1 -15.000 -11.5294773 28.1831678
1701974376.310959 -1.58000 -0.00001 1 -15.000 -11.5294773 28.1831678
1701974376.310959 -1.58000 -0.00001 2 -15.000 -11.5294773 28.1831678
1701974386.9733984 -1.58000 -0.00001 0 -25.000 -11.5294773 28.1831678
1701974386.9733984 -1.58000 -0.00001 0 -25.000 -11.5294773 28.1831678
1701974386.9733984 -1.58000 -0.00001 0 -25.000 -11.5294773 28.1831678
1701974386.9733984 -1.58000 -0.00001 1 -25.000 -11.5294773 28.1831678
1701974386.9733984 -1.58000 -0.00001 0 -25.000 -11.5294773 28.1831678
1701974398.4533684 -1.60000 -0.00001 1 -15.000 -21.7779018 48.6800158
1701974398.4533684 -1.60000 -0.00001 0 -15.000 -21.7779018 48.6800158
1701974398.4533684 -1.60000 -0.00001 0 -15.000 -21.7779018 48.6800158
1701974398.4533684 -1.60000 -0.00001 0 -15.000 -21.7779018 48.6800158
1701974398.4533684 -1.60000 -0.00001 1 -15.000 -21.7779018 48.6800158
1701974409.0271132 -1.60000 -0.00001 0 -25.000 -21.7779018 48.6800158
1701974409.0271132 -1.60000 -0.00001 1 -25.000 -21.7779018 48.6800158
1701974409.0271132 -1.60000 -0.00001 0 -25.000 -21.7779018 48.6800158
1701974409.0271132 -1.60000 -0.00001 2 -25.000 -21.7779018 48.6800158
1701974409.0271132 -1.60000 -0.00001 1 -25.000 -21.7779018 48.6800158
1701974420.2922597 -1.62000 -0.00001 3 -15.000 -16.6536905 28.1831678
1701974420.2922597 -1.62000 -0.00001 1 -15.000 -16.6536905 28.1831678
1701974420.2922597 -1.62000 -0.00001 1 -15.000 -16.6536905 28.1831678
1701974420.2922597 -1.62000 -0.00001 0 -15.000 -16.6536905 28.1831678
1701974420.2922597 -1.62000 -0.00001 1 -15.000 -16.6536905 28.1831678
1701974430.966934 -1.62000 -0.00001 4 -25.000 -16.6536905 28.1831678
1701974430.966934 -1.62000 -0.00001 1 -25.000 -16.6536905 28.1831678
1701974430.966934 -1.62000 -0.00001 0 -25.000 -16.6536905 28.1831678
1701974430.966934 -1.62000 -0.00001 0 -25.000 -16.6536905 28.1831678
1701974430.966934 -1.62000 -0.00001 1 -25.000 -16.6536905 28.1831678
1701974442.3335874 -1.64000 -0.00001 0 -15.000 -16.6536905 33.3073791
1701974442.3335874 -1.64000 -0.00001 5 -15.000 -16.6536905 33.3073791
1701974442.3335874 -1.64000 -0.00001 1 -15.000 -16.6536905 33.3073791
1701974442.3335874 -1.64000 -0.00001 0 -15.000 -16.6536905 33.3073791
1701974442.3335874 -1.64000 -0.00001 1 -15.000 -16.6536905 33.3073791
1701974453.0076568 -1.64000 -0.00001 1 -25.000 -16.6536905 33.3073791
1701974453.0076568 -1.64000 -0.00001 1 -25.000 -16.6536905 33.3073791
1701974453.0076568 -1.64000 -0.00001 1 -25.000 -16.6536905 33.3073791
1701974453.0076568 -1.64000 -0.00001 0 -25.000 -16.6536905 33.3073791
1701974453.0076568 -1.64000 -0.00001 1 -25.000 -16.6536905 33.3073791
1701974464.3725216 -1.66000 -0.00001 1 -15.000 -16.6536905 94.797926
1701974464.3725216 -1.66000 -0.00001 0 -15.000 -16.6536905 94.797926
1701974464.3725216 -1.66000 -0.00001 0 -15.000 -16.6536905 94.797926
1701974464.3725216 -1.66000 -0.00001 0 -15.000 -16.6536905 94.797926
1701974464.3725216 -1.66000 -0.00001 0 -15.000 -16.6536905 94.797926
1701974474.9345438 -1.66000 -0.00001 0 -25.000 -16.6536905 94.797926
1701974474.9345438 -1.66000 -0.00001 0 -25.000 -16.6536905 94.797926
1701974474.9345438 -1.66000 -0.00001 1 -25.000 -16.6536905 94.797926
1701974474.9345438 -1.66000 -0.00001 0 -25.000 -16.6536905 94.797926
1701974474.9345438 -1.66000 -0.00001 0 -25.000 -16.6536905 94.797926
1701974486.3124685 -1.68000 -0.00001 1 -15.000 -16.6536905 23.0589546
1701974486.3124685 -1.68000 -0.00001 0 -15.000 -16.6536905 23.0589546
1701974486.3124685 -1.68000 -0.00001 0 -15.000 -16.6536905 23.0589546
1701974486.3124685 -1.68000 -0.00001 0 -15.000 -16.6536905 23.0589546
1701974486.3124685 -1.68000 -0.00001 0 -15.000 -16.6536905 23.0589546
1701974496.886292 -1.68000 -0.00001 0 -25.000 -16.6536905 23.0589546
1701974496.886292 -1.68000 -0.00001 1 -25.000 -16.6536905 23.0589546
1701974496.886292 -1.68000 -0.00001 0 -25.000 -16.6536905 23.0589546
1701974496.886292 -1.68000 -0.00001 0 -25.000 -16.6536905 23.0589546
1701974496.886292 -1.68000 -0.00001 2 -25.000 -16.6536905 23.0589546
1701974508.3535912 -1.70000 -0.00001 0 -15.000 -16.6536905 23.0589556
1701974508.3535912 -1.70000 -0.00001 0 -15.000 -16.6536905 23.0589556
1701974508.3535912 -1.70000 -0.00001 0 -15.000 -16.6536905 23.0589556
1701974508.3535912 -1.70000 -0.00001 1 -15.000 -16.6536905 23.0589556
1701974508.3535912 -1.70000 -0.00001 1 -15.000 -16.6536905 23.0589556
1701974519.0363922 -1.70000 -0.00001 0 -25.000 -16.6536905 23.0589556
1701974519.0363922 -1.70000 -0.00001 1 -25.000 -16.6536905 23.0589556
1701974519.0363922 -1.70000 -0.00001 0 -25.000 -16.6536905 23.0589556
1701974519.0363922 -1.70000 -0.00001 0 -25.000 -16.6536905 23.0589556
1701974519.0363922 -1.70000 -0.00001 2 -25.000 -16.6536905 23.0589556
1701974530.2934365 -1.72000 -0.00001 2 -15.000 -16.6536905 33.3073791
1701974530.2934365 -1.72000 -0.00001 1 -15.000 -16.6536905 33.3073791
1701974530.2934365 -1.72000 -0.00001 0 -15.000 -16.6536905 33.3073791
1701974530.2934365 -1.72000 -0.00001 0 -15.000 -16.6536905 33.3073791
1701974530.2934365 -1.72000 -0.00001 2 -15.000 -16.6536905 33.3073791
1701974540.9545233 -1.72000 -0.00001 1 -25.000 -16.6536905 33.3073791
1701974540.9545233 -1.72000 -0.00001 0 -25.000 -16.6536905 33.3073791
1701974540.9545233 -1.72000 -0.00001 0 -25.000 -16.6536905 33.3073791
1701974540.9545233 -1.72000 -0.00001 1 -25.000 -16.6536905 33.3073791
1701974540.9545233 -1.72000 -0.00001 0 -25.000 -16.6536905 33.3073791
1701974552.3326566 -1.74000 -0.00001 0 -15.000 -16.6536905 33.3073791
1701974552.3326566 -1.74000 -0.00001 1 -15.000 -16.6536905 33.3073791
1701974552.3326566 -1.74000 -0.00001 2 -15.000 -16.6536905 33.3073791
1701974552.3326566 -1.74000 -0.00001 1 -15.000 -16.6536905 33.3073791
1701974552.3326566 -1.74000 -0.00001 0 -15.000 -16.6536905 33.3073791
1701974563.014609 -1.74000 -0.00001 0 -25.000 -16.6536905 33.3073791
1701974563.014609 -1.74000 -0.00001 1 -25.000 -16.6536905 33.3073791
1701974563.014609 -1.74000 -0.00001 0 -25.000 -16.6536905 33.3073791
1701974563.014609 -1.74000 -0.00001 0 -25.000 -16.6536905 33.3073791
1701974563.014609 -1.74000 -0.00001 1 -25.000 -16.6536905 33.3073791
1701974574.2728388 -1.76000 -0.00001 0 -15.000 -16.6536905 28.1831678
1701974574.2728388 -1.76000 -0.00001 0 -15.000 -16.6536905 28.1831678
1701974574.2728388 -1.76000 -0.00001 0 -15.000 -16.6536905 28.1831678
1701974574.2728388 -1.76000 -0.00001 0 -15.000 -16.6536905 28.1831678
1701974574.2728388 -1.76000 -0.00001 0 -15.000 -16.6536905 28.1831678
1701974584.9352171 -1.76000 -0.00001 0 -25.000 -16.6536905 28.1831678
1701974584.9352171 -1.76000 -0.00001 0 -25.000 -16.6536905 28.1831678
1701974584.9352171 -1.76000 -0.00001 0 -25.000 -16.6536905 28.1831678
1701974584.9352171 -1.76000 -0.00001 2 -25.000 -16.6536905 28.1831678
1701974584.9352171 -1.76000 -0.00001 1 -25.000 -16.6536905 28.1831678
1701974596.3143032 -1.78000 -0.00001 0 -15.000 -16.6536905 28.1831678
1701974596.3143032 -1.78000 -0.00001 0 -15.000 -16.6536905 28.1831678
1701974596.3143032 -1.78000 -0.00001 1 -15.000 -16.6536905 28.1831678
1701974596.3143032 -1.78000 -0.00001 1 -15.000 -16.6536905 28.1831678
1701974596.3143032 -1.78000 -0.00001 1 -15.000 -16.6536905 28.1831678
1701974606.9776127 -1.78000 -0.00001 2 -25.000 -16.6536905 28.1831678
1701974606.9776127 -1.78000 -0.00001 0 -25.000 -16.6536905 28.1831678
1701974606.9776127 -1.78000 -0.00001 0 -25.000 -16.6536905 28.1831678
1701974606.9776127 -1.78000 -0.00001 0 -25.000 -16.6536905 28.1831678
1701974606.9776127 -1.78000 -0.00001 3 -25.000 -16.6536905 28.1831678
1701974618.2634203 -1.80000 -0.00001 0 -15.000 -16.6536905 28.1831678
1701974618.2634203 -1.80000 -0.00001 0 -15.000 -16.6536905 28.1831678
1701974618.2634203 -1.80000 -0.00001 0 -15.000 -16.6536905 28.1831678
1701974618.2634203 -1.80000 -0.00001 1 -15.000 -16.6536905 28.1831678
1701974618.2634203 -1.80000 -0.00001 1 -15.000 -16.6536905 28.1831678
1701974629.0234888 -1.80000 -0.00001 0 -25.000 -16.6536905 28.1831678
1701974629.0234888 -1.80000 -0.00001 0 -25.000 -16.6536905 28.1831678
1701974629.0234888 -1.80000 -0.00001 1 -25.000 -16.6536905 28.1831678
1701974629.0234888 -1.80000 -0.00001 1 -25.000 -16.6536905 28.1831678
1701974629.0234888 -1.80000 -0.00001 2 -25.000 -16.6536905 28.1831678
1701974640.2947886 -1.82000 -0.00001 0 -15.000 -16.6536905 28.1831678
1701974640.2947886 -1.82000 -0.00001 1 -15.000 -16.6536905 28.1831678
1701974640.2947886 -1.82000 -0.00001 0 -15.000 -16.6536905 28.1831678
1701974640.2947886 -1.82000 -0.00001 0 -15.000 -16.6536905 28.1831678
1701974640.2947886 -1.82000 -0.00001 0 -15.000 -16.6536905 28.1831678
1701974650.9689295 -1.82000 -0.00001 0 -25.000 -16.6536905 28.1831678
1701974650.9689295 -1.82000 -0.00001 0 -25.000 -16.6536905 28.1831678
1701974650.9689295 -1.82000 -0.00001 1 -25.000 -16.6536905 28.1831678
1701974650.9689295 -1.82000 -0.00001 0 -25.000 -16.6536905 28.1831678
1701974650.9689295 -1.82000 -0.00001 0 -25.000 -16.6536905 28.1831678
1701974662.335008 -1.84000 -0.00001 1 -15.000 -16.6536905 33.307381
1701974662.335008 -1.84000 -0.00001 1 -15.000 -16.6536905 33.307381
1701974662.335008 -1.84000 -0.00001 0 -15.000 -16.6536905 33.307381
1701974662.335008 -1.84000 -0.00001 2 -15.000 -16.6536905 33.307381
1701974662.335008 -1.84000 -0.00001 1 -15.000 -16.6536905 33.307381
1701974673.0074823 -1.84000 -0.00001 1 -25.000 -16.6536905 33.307381
1701974673.0074823 -1.84000 -0.00001 0 -25.000 -16.6536905 33.307381
1701974673.0074823 -1.84000 -0.00001 1 -25.000 -16.6536905 33.307381
1701974673.0074823 -1.84000 -0.00001 0 -25.000 -16.6536905 33.307381
1701974673.0074823 -1.84000 -0.00001 0 -25.000 -16.6536905 33.307381
1701974684.3752296 -1.86000 -0.00001 1 -15.000 -11.5294773 94.797926
1701974684.3752296 -1.86000 -0.00001 1 -15.000 -11.5294773 94.797926
1701974684.3752296 -1.86000 -0.00001 1 -15.000 -11.5294773 94.797926
1701974684.3752296 -1.86000 -0.00001 1 -15.000 -11.5294773 94.797926
1701974684.3752296 -1.86000 -0.00001 1 -15.000 -11.5294773 94.797926
1701974694.936654 -1.86000 -0.00001 0 -25.000 -11.5294773 94.797926
1701974694.936654 -1.86000 -0.00001 1 -25.000 -11.5294773 94.797926
1701974694.936654 -1.86000 -0.00001 1 -25.000 -11.5294773 94.797926
1701974694.936654 -1.86000 -0.00001 0 -25.000 -11.5294773 94.797926
1701974694.936654 -1.86000 -0.00001 0 -25.000 -11.5294773 94.797926
1701974706.3149822 -1.88000 -0.00001 0 -15.000 -16.6536905 23.0589556
1701974706.3149822 -1.88000 -0.00001 1 -15.000 -16.6536905 23.0589556
1701974706.3149822 -1.88000 -0.00001 0 -15.000 -16.6536905 23.0589556
1701974706.3149822 -1.88000 -0.00001 0 -15.000 -16.6536905 23.0589556
1701974706.3149822 -1.88000 -0.00001 1 -15.000 -16.6536905 23.0589556
1701974716.9899507 -1.88000 -0.00001 0 -25.000 -16.6536905 23.0589556
1701974716.9899507 -1.88000 -0.00001 0 -25.000 -16.6536905 23.0589556
1701974716.9899507 -1.88000 -0.00001 1 -25.000 -16.6536905 23.0589556
1701974716.9899507 -1.88000 -0.00001 2 -25.000 -16.6536905 23.0589556
1701974716.9899507 -1.88000 -0.00001 0 -25.000 -16.6536905 23.0589556
1701974728.364531 -1.90000 -0.00001 2 -15.000 -16.6536905 28.1831678
1701974728.364531 -1.90000 -0.00001 1 -15.000 -16.6536905 28.1831678
1701974728.364531 -1.90000 -0.00001 2 -15.000 -16.6536905 28.1831678
1701974728.364531 -1.90000 -0.00001 0 -15.000 -16.6536905 28.1831678
1701974728.364531 -1.90000 -0.00001 0 -15.000 -16.6536905 28.1831678
1701974739.0290225 -1.90000 -0.00001 2 -25.000 -16.6536905 28.1831678
1701974739.0290225 -1.90000 -0.00001 1 -25.000 -16.6536905 28.1831678
1701974739.0290225 -1.90000 -0.00001 1 -25.000 -16.6536905 28.1831678
1701974739.0290225 -1.90000 -0.00001 1 -25.000 -16.6536905 28.1831678
1701974739.0290225 -1.90000 -0.00001 1 -25.000 -16.6536905 28.1831678
1701974750.2939057 -1.92000 -0.00001 1 -15.000 -16.6536905 43.555805500000005
1701974750.2939057 -1.92000 -0.00001 0 -15.000 -16.6536905 43.555805500000005
1701974750.2939057 -1.92000 -0.00001 0 -15.000 -16.6536905 43.555805500000005
1701974750.2939057 -1.92000 -0.00001 0 -15.000 -16.6536905 43.555805500000005
1701974750.2939057 -1.92000 -0.00001 0 -15.000 -16.6536905 43.555805500000005
1701974760.9551392 -1.92000 -0.00001 0 -25.000 -16.6536905 43.555805500000005
1701974760.9551392 -1.92000 -0.00001 0 -25.000 -16.6536905 43.555805500000005
1701974760.9551392 -1.92000 -0.00001 1 -25.000 -16.6536905 43.555805500000005
1701974760.9551392 -1.92000 -0.00001 1 -25.000 -16.6536905 43.555805500000005
1701974760.9551392 -1.92000 -0.00001 0 -25.000 -16.6536905 43.555805500000005
1701974772.333509 -1.94000 -0.00001 1 -15.000 -16.6536905 94.797926
1701974772.333509 -1.94000 -0.00001 1 -15.000 -16.6536905 94.797926
1701974772.333509 -1.94000 -0.00001 3 -15.000 -16.6536905 94.797926
1701974772.333509 -1.94000 -0.00001 1 -15.000 -16.6536905 94.797926
1701974772.333509 -1.94000 -0.00001 1 -15.000 -16.6536905 94.797926
1701974783.0073593 -1.94000 -0.00001 1 -25.000 -16.6536905 94.797926
1701974783.0073593 -1.94000 -0.00001 1 -25.000 -16.6536905 94.797926
1701974783.0073593 -1.94000 -0.00001 0 -25.000 -16.6536905 94.797926
1701974783.0073593 -1.94000 -0.00001 0 -25.000 -16.6536905 94.797926
1701974783.0073593 -1.94000 -0.00001 0 -25.000 -16.6536905 94.797926
1701974794.3740084 -1.96000 -0.00001 4 -15.000 -16.6536905 23.0589556
1701974794.3740084 -1.96000 -0.00001 1 -15.000 -16.6536905 23.0589556
1701974794.3740084 -1.96000 -0.00001 0 -15.000 -16.6536905 23.0589556
1701974794.3740084 -1.96000 -0.00001 1 -15.000 -16.6536905 23.0589556
1701974794.3740084 -1.96000 -0.00001 1 -15.000 -16.6536905 23.0589556
1701974804.9352727 -1.96000 -0.00001 1 -25.000 -16.6536905 23.0589556
1701974804.9352727 -1.96000 -0.00001 0 -25.000 -16.6536905 23.0589556
1701974804.9352727 -1.96000 -0.00001 0 -25.000 -16.6536905 23.0589556
1701974804.9352727 -1.96000 -0.00001 2 -25.000 -16.6536905 23.0589556
1701974804.9352727 -1.96000 -0.00001 0 -25.000 -16.6536905 23.0589556
1701974816.3163493 -1.98000 -0.00001 0 -15.000 -21.7779018 28.1831678
1701974816.3163493 -1.98000 -0.00001 0 -15.000 -21.7779018 28.1831678
1701974816.3163493 -1.98000 -0.00001 8 -15.000 -21.7779018 28.1831678
1701974816.3163493 -1.98000 -0.00001 1 -15.000 -21.7779018 28.1831678
1701974816.3163493 -1.98000 -0.00001 1 -15.000 -21.7779018 28.1831678
1701974826.9863846 -1.98000 -0.00001 1 -25.000 -21.7779018 28.1831678
1701974826.9863846 -1.98000 -0.00001 1 -25.000 -21.7779018 28.1831678
1701974826.9863846 -1.98000 -0.00001 1 -25.000 -21.7779018 28.1831678
1701974826.9863846 -1.98000 -0.00001 1 -25.000 -21.7779018 28.1831678
1701974826.9863846 -1.98000 -0.00001 0 -25.000 -21.7779018 28.1831678
1701974838.3531437 -2.00000 -0.00001 0 -15.000 -16.6536905 28.1831678
1701974838.3531437 -2.00000 -0.00001 2 -15.000 -16.6536905 28.1831678
1701974838.3531437 -2.00000 -0.00001 0 -15.000 -16.6536905 28.1831678
1701974838.3531437 -2.00000 -0.00001 2 -15.000 -16.6536905 28.1831678
1701974838.3531437 -2.00000 -0.00001 3 -15.000 -16.6536905 28.1831678
1701974849.02837 -2.00000 -0.00001 0 -25.000 -16.6536905 28.1831678
1701974849.02837 -2.00000 -0.00001 1 -25.000 -16.6536905 28.1831678
1701974849.02837 -2.00000 -0.00001 2 -25.000 -16.6536905 28.1831678
1701974849.02837 -2.00000 -0.00001 1 -25.000 -16.6536905 28.1831678
1701974849.02837 -2.00000 -0.00001 1 -25.000 -16.6536905 28.1831678
1701974860.292396 -2.02000 -0.00001 1 -15.000 -16.6536905 33.307381
1701974860.292396 -2.02000 -0.00001 0 -15.000 -16.6536905 33.307381
1701974860.292396 -2.02000 -0.00001 2 -15.000 -16.6536905 33.307381
1701974860.292396 -2.02000 -0.00001 0 -15.000 -16.6536905 33.307381
1701974860.292396 -2.02000 -0.00001 0 -15.000 -16.6536905 33.307381
1701974870.954284 -2.02000 -0.00001 0 -25.000 -16.6536905 33.307381
1701974870.954284 -2.02000 -0.00001 1 -25.000 -16.6536905 33.307381
1701974870.954284 -2.02000 -0.00001 0 -25.000 -16.6536905 33.307381
1701974870.954284 -2.02000 -0.00001 0 -25.000 -16.6536905 33.307381
1701974870.954284 -2.02000 -0.00001 1 -25.000 -16.6536905 33.307381
1701974882.3408182 -2.04000 -0.00001 0 -15.000 -32.0263281 33.307381
1701974882.3408182 -2.04000 -0.00001 0 -15.000 -32.0263281 33.307381
1701974882.3408182 -2.04000 -0.00001 0 -15.000 -32.0263281 33.307381
1701974882.3408182 -2.04000 -0.00001 2 -15.000 -32.0263281 33.307381
1701974882.3408182 -2.04000 -0.00001 0 -15.000 -32.0263281 33.307381
1701974893.0074248 -2.04000 -0.00001 1 -25.000 -32.0263281 33.307381
1701974893.0074248 -2.04000 -0.00001 1 -25.000 -32.0263281 33.307381
1701974893.0074248 -2.04000 -0.00001 1 -25.000 -32.0263281 33.307381
1701974893.0074248 -2.04000 -0.00001 0 -25.000 -32.0263281 33.307381
1701974893.0074248 -2.04000 -0.00001 2 -25.000 -32.0263281 33.307381
1701974904.372672 -2.06000 -0.00001 0 -15.000 -16.6536905 58.9284413
1701974904.372672 -2.06000 -0.00001 6 -15.000 -16.6536905 58.9284413
1701974904.372672 -2.06000 -0.00001 0 -15.000 -16.6536905 58.9284413
1701974904.372672 -2.06000 -0.00001 2 -15.000 -16.6536905 58.9284413
1701974904.372672 -2.06000 -0.00001 0 -15.000 -16.6536905 58.9284413
1701974914.9336054 -2.06000 -0.00001 0 -25.000 -16.6536905 58.9284413
1701974914.9336054 -2.06000 -0.00001 0 -25.000 -16.6536905 58.9284413
1701974914.9336054 -2.06000 -0.00001 1 -25.000 -16.6536905 58.9284413
1701974914.9336054 -2.06000 -0.00001 3 -25.000 -16.6536905 58.9284413
1701974914.9336054 -2.06000 -0.00001 0 -25.000 -16.6536905 58.9284413
1701974926.3125906 -2.08000 -0.00001 0 -15.000 -88.39265999999999 23.0589556
1701974926.3125906 -2.08000 -0.00001 2 -15.000 -88.39265999999999 23.0589556
1701974926.3125906 -2.08000 -0.00001 7 -15.000 -88.39265999999999 23.0589556
1701974926.3125906 -2.08000 -0.00001 1 -15.000 -88.39265999999999 23.0589556
1701974926.3125906 -2.08000 -0.00001 1 -15.000 -88.39265999999999 23.0589556
1701974936.9746273 -2.08000 -0.00001 0 -25.000 -88.39265999999999 23.0589556
1701974936.9746273 -2.08000 -0.00001 3 -25.000 -88.39265999999999 23.0589556
1701974936.9746273 -2.08000 -0.00001 1 -25.000 -88.39265999999999 23.0589556
1701974936.9746273 -2.08000 -0.00001 1 -25.000 -88.39265999999999 23.0589556
1701974936.9746273 -2.08000 -0.00001 0 -25.000 -88.39265999999999 23.0589556
1701974948.2513127 -2.10000 -0.00001 1 -15.000 -16.6536905 28.1831678
1701974948.2513127 -2.10000 -0.00001 1 -15.000 -16.6536905 28.1831678
1701974948.2513127 -2.10000 -0.00001 1 -15.000 -16.6536905 28.1831678
1701974948.2513127 -2.10000 -0.00001 3 -15.000 -16.6536905 28.1831678
1701974948.2513127 -2.10000 -0.00001 1 -15.000 -16.6536905 28.1831678
1701974959.015663 -2.10000 -0.00001 2 -25.000 -16.6536905 28.1831678
1701974959.015663 -2.10000 -0.00001 0 -25.000 -16.6536905 28.1831678
1701974959.015663 -2.10000 -0.00001 1 -25.000 -16.6536905 28.1831678
1701974959.015663 -2.10000 -0.00001 1 -25.000 -16.6536905 28.1831678
1701974959.015663 -2.10000 -0.00001 1 -25.000 -16.6536905 28.1831678
1701974970.2923105 -2.12000 -0.00001 0 -15.000 -124.262147 115.294779
1701974970.2923105 -2.12000 -0.00001 2 -15.000 -124.262147 115.294779
1701974970.2923105 -2.12000 -0.00001 2 -15.000 -124.262147 115.294779
1701974970.2923105 -2.12000 -0.00001 1 -15.000 -124.262147 115.294779
1701974970.2923105 -2.12000 -0.00001 6 -15.000 -124.262147 115.294779
1701974980.9655774 -2.12000 -0.00001 2 -25.000 -124.262147 115.294779
1701974980.9655774 -2.12000 -0.00001 1 -25.000 -124.262147 115.294779
1701974980.9655774 -2.12000 -0.00001 2 -25.000 -124.262147 115.294779
1701974980.9655774 -2.12000 -0.00001 1 -25.000 -124.262147 115.294779
1701974980.9655774 -2.12000 -0.00001 1 -25.000 -124.262147 115.294779
1701974992.3313963 -2.14000 -0.00001 2 -15.000 -21.7779018 43.555805500000005
1701974992.3313963 -2.14000 -0.00001 2 -15.000 -21.7779018 43.555805500000005
1701974992.3313963 -2.14000 -0.00001 1 -15.000 -21.7779018 43.555805500000005
1701974992.3313963 -2.14000 -0.00001 0 -15.000 -21.7779018 43.555805500000005
1701974992.3313963 -2.14000 -0.00001 1 -15.000 -21.7779018 43.555805500000005
1701975003.0182765 -2.14000 -0.00001 0 -25.000 -21.7779018 43.555805500000005
1701975003.0182765 -2.14000 -0.00001 2 -25.000 -21.7779018 43.555805500000005
1701975003.0182765 -2.14000 -0.00001 2 -25.000 -21.7779018 43.555805500000005
1701975003.0182765 -2.14000 -0.00001 2 -25.000 -21.7779018 43.555805500000005
1701975003.0182765 -2.14000 -0.00001 2 -25.000 -21.7779018 43.555805500000005
1701975014.372393 -2.16000 -0.00001 3 -15.000 -21.7779018 33.307381
1701975014.372393 -2.16000 -0.00001 1 -15.000 -21.7779018 33.307381
1701975014.372393 -2.16000 -0.00001 1 -15.000 -21.7779018 33.307381
1701975014.372393 -2.16000 -0.00001 3 -15.000 -21.7779018 33.307381
1701975014.372393 -2.16000 -0.00001 1 -15.000 -21.7779018 33.307381
1701975024.9335997 -2.16000 -0.00001 3 -25.000 -21.7779018 33.307381
1701975024.9335997 -2.16000 -0.00001 2 -25.000 -21.7779018 33.307381
1701975024.9335997 -2.16000 -0.00001 2 -25.000 -21.7779018 33.307381
1701975024.9335997 -2.16000 -0.00001 1 -25.000 -21.7779018 33.307381
1701975024.9335997 -2.16000 -0.00001 1 -25.000 -21.7779018 33.307381
1701975036.311366 -2.18000 -0.00001 4 -15.000 -16.6536905 64.05265440000001
1701975036.311366 -2.18000 -0.00001 0 -15.000 -16.6536905 64.05265440000001
1701975036.311366 -2.18000 -0.00001 4 -15.000 -16.6536905 64.05265440000001
1701975036.311366 -2.18000 -0.00001 4 -15.000 -16.6536905 64.05265440000001
1701975036.311366 -2.18000 -0.00001 5 -15.000 -16.6536905 64.05265440000001
1701975046.9737017 -2.18000 -0.00001 2 -25.000 -16.6536905 64.05265440000001
1701975046.9737017 -2.18000 -0.00001 1 -25.000 -16.6536905 64.05265440000001
1701975046.9737017 -2.18000 -0.00001 2 -25.000 -16.6536905 64.05265440000001
1701975046.9737017 -2.18000 -0.00001 4 -25.000 -16.6536905 64.05265440000001
1701975046.9737017 -2.18000 -0.00001 2 -25.000 -16.6536905 64.05265440000001
1701975058.3509443 -2.20000 -0.00001 4 -15.000 -62.7716035 69.1768685
1701975058.3509443 -2.20000 -0.00001 5 -15.000 -62.7716035 69.1768685
1701975058.3509443 -2.20000 -0.00001 4 -15.000 -62.7716035 69.1768685
1701975058.3509443 -2.20000 -0.00001 4 -15.000 -62.7716035 69.1768685
1701975058.3509443 -2.20000 -0.00001 3 -15.000 -62.7716035 69.1768685
1701975069.0125043 -2.20000 -0.00001 4 -25.000 -62.7716035 69.1768685
1701975069.0125043 -2.20000 -0.00001 4 -25.000 -62.7716035 69.1768685
1701975069.0125043 -2.20000 -0.00001 5 -25.000 -62.7716035 69.1768685
1701975069.0125043 -2.20000 -0.00001 8 -25.000 -62.7716035 69.1768685
1701975069.0125043 -2.20000 -0.00001 2 -25.000 -62.7716035 69.1768685
1701975080.290842 -2.22000 -0.00001 7 -15.000 -144.758999 48.680016800000004
1701975080.290842 -2.22000 -0.00001 7 -15.000 -144.758999 48.680016800000004
1701975080.290842 -2.22000 -0.00001 8 -15.000 -144.758999 48.680016800000004
1701975080.290842 -2.22000 -0.00001 5 -15.000 -144.758999 48.680016800000004
1701975080.290842 -2.22000 -0.00001 5 -15.000 -144.758999 48.680016800000004
1701975090.9643562 -2.22000 -0.00001 3 -25.000 -144.758999 48.680016800000004
1701975090.9643562 -2.22000 -0.00001 5 -25.000 -144.758999 48.680016800000004
1701975090.9643562 -2.22000 -0.00001 4 -25.000 -144.758999 48.680016800000004
1701975090.9643562 -2.22000 -0.00001 3 -25.000 -144.758999 48.680016800000004
1701975090.9643562 -2.22000 -0.00001 6 -25.000 -144.758999 48.680016800000004
1701975102.3317215 -2.24000 -0.00001 13 -15.000 -78.1442374 156.288479
1701975102.3317215 -2.24000 -0.00001 5 -15.000 -78.1442374 156.288479
1701975102.3317215 -2.24000 -0.00001 4 -15.000 -78.1442374 156.288479
1701975102.3317215 -2.24000 -0.00001 8 -15.000 -78.1442374 156.288479
1701975102.3317215 -2.24000 -0.00001 7 -15.000 -78.1442374 156.288479
1701975113.0066211 -2.24000 -0.00001 3 -25.000 -78.1442374 156.288479
1701975113.0066211 -2.24000 -0.00001 3 -25.000 -78.1442374 156.288479
1701975113.0066211 -2.24000 -0.00001 10 -25.000 -78.1442374 156.288479
1701975113.0066211 -2.24000 -0.00001 4 -25.000 -78.1442374 156.288479
1701975113.0066211 -2.24000 -0.00001 8 -25.000 -78.1442374 156.288479
1701975124.3712325 -2.26000 -0.00001 9 -15.000 -37.1505395 166.536901
1701975124.3712325 -2.26000 -0.00001 5 -15.000 -37.1505395 166.536901
1701975124.3712325 -2.26000 -0.00001 12 -15.000 -37.1505395 166.536901
1701975124.3712325 -2.26000 -0.00001 11 -15.000 -37.1505395 166.536901
1701975124.3712325 -2.26000 -0.00001 8 -15.000 -37.1505395 166.536901
1701975134.9325137 -2.26000 -0.00001 9 -25.000 -37.1505395 166.536901
1701975134.9325137 -2.26000 -0.00001 10 -25.000 -37.1505395 166.536901
1701975134.9325137 -2.26000 -0.00001 12 -25.000 -37.1505395 166.536901
1701975134.9325137 -2.26000 -0.00001 9 -25.000 -37.1505395 166.536901
1701975134.9325137 -2.26000 -0.00001 6 -25.000 -37.1505395 166.536901
1701975146.3112338 -2.28000 -0.00001 11 -15.000 -114.013724 176.785324
1701975146.3112338 -2.28000 -0.00001 13 -15.000 -114.013724 176.785324
1701975146.3112338 -2.28000 -0.00001 5 -15.000 -114.013724 176.785324
1701975146.3112338 -2.28000 -0.00001 11 -15.000 -114.013724 176.785324
1701975146.3112338 -2.28000 -0.00001 12 -15.000 -114.013724 176.785324
1701975156.9861426 -2.28000 -0.00001 12 -25.000 -114.013724 176.785324
1701975156.9861426 -2.28000 -0.00001 10 -25.000 -114.013724 176.785324
1701975156.9861426 -2.28000 -0.00001 11 -25.000 -114.013724 176.785324
1701975156.9861426 -2.28000 -0.00001 12 -25.000 -114.013724 176.785324
1701975156.9861426 -2.28000 -0.00001 10 -25.000 -114.013724 176.785324
1701975168.250091 -2.30000 -0.00001 32 -15.000 -119.137935 53.8042299
1701975168.250091 -2.30000 -0.00001 18 -15.000 -119.137935 53.8042299
1701975168.250091 -2.30000 -0.00001 24 -15.000 -119.137935 53.8042299
1701975168.250091 -2.30000 -0.00001 20 -15.000 -119.137935 53.8042299
1701975168.250091 -2.30000 -0.00001 14 -15.000 -119.137935 53.8042299
1701975179.0247848 -2.30000 -0.00001 12 -25.000 -119.137935 53.8042299
1701975179.0247848 -2.30000 -0.00001 12 -25.000 -119.137935 53.8042299
1701975179.0247848 -2.30000 -0.00001 12 -25.000 -119.137935 53.8042299
1701975179.0247848 -2.30000 -0.00001 22 -25.000 -119.137935 53.8042299
1701975179.0247848 -2.30000 -0.00001 12 -25.000 -119.137935 53.8042299
1701975190.1899996 -2.32000 -0.00001 31 -15.000 -155.00742200000002 176.785324
1701975190.1899996 -2.32000 -0.00001 16 -15.000 -155.00742200000002 176.785324
1701975190.1899996 -2.32000 -0.00001 23 -15.000 -155.00742200000002 176.785324
1701975190.1899996 -2.32000 -0.00001 17 -15.000 -155.00742200000002 176.785324
1701975190.1899996 -2.32000 -0.00001 17 -15.000 -155.00742200000002 176.785324
1701975200.9535718 -2.32000 -0.00001 21 -25.000 -155.00742200000002 176.785324
1701975200.9535718 -2.32000 -0.00001 24 -25.000 -155.00742200000002 176.785324
1701975200.9535718 -2.32000 -0.00001 21 -25.000 -155.00742200000002 176.785324
1701975200.9535718 -2.32000 -0.00001 16 -25.000 -155.00742200000002 176.785324
1701975200.9535718 -2.32000 -0.00001 30 -25.000 -155.00742200000002 176.785324
1701975212.331212 -2.34000 -0.00001 35 -15.000 -155.00742200000002 176.785324
1701975212.331212 -2.34000 -0.00001 25 -15.000 -155.00742200000002 176.785324
1701975212.331212 -2.34000 -0.00001 22 -15.000 -155.00742200000002 176.785324
1701975212.331212 -2.34000 -0.00001 40 -15.000 -155.00742200000002 176.785324
1701975212.331212 -2.34000 -0.00001 26 -15.000 -155.00742200000002 176.785324
1701975223.0191448 -2.34000 -0.00001 30 -25.000 -155.00742200000002 176.785324
1701975223.0191448 -2.34000 -0.00001 24 -25.000 -155.00742200000002 176.785324
1701975223.0191448 -2.34000 -0.00001 20 -25.000 -155.00742200000002 176.785324
1701975223.0191448 -2.34000 -0.00001 33 -25.000 -155.00742200000002 176.785324
1701975223.0191448 -2.34000 -0.00001 29 -25.000 -155.00742200000002 176.785324
1701975234.1698766 -2.36000 -0.00001 23 -15.000 -155.00742200000002 181.909535
1701975234.1698766 -2.36000 -0.00001 44 -15.000 -155.00742200000002 181.909535
1701975234.1698766 -2.36000 -0.00001 46 -15.000 -155.00742200000002 181.909535
1701975234.1698766 -2.36000 -0.00001 30 -15.000 -155.00742200000002 181.909535
1701975234.1698766 -2.36000 -0.00001 36 -15.000 -155.00742200000002 181.909535
1701975244.933707 -2.36000 -0.00001 31 -25.000 -155.00742200000002 181.909535
1701975244.933707 -2.36000 -0.00001 36 -25.000 -155.00742200000002 181.909535
1701975244.933707 -2.36000 -0.00001 33 -25.000 -155.00742200000002 181.909535
1701975244.933707 -2.36000 -0.00001 33 -25.000 -155.00742200000002 181.909535
1701975244.933707 -2.36000 -0.00001 28 -25.000 -155.00742200000002 181.909535
1701975256.2112474 -2.38000 -0.00001 49 -15.000 -160.131633 187.033748
1701975256.2112474 -2.38000 -0.00001 40 -15.000 -160.131633 187.033748
1701975256.2112474 -2.38000 -0.00001 44 -15.000 -160.131633 187.033748
1701975256.2112474 -2.38000 -0.00001 59 -15.000 -160.131633 187.033748
1701975256.2112474 -2.38000 -0.00001 35 -15.000 -160.131633 187.033748
1701975266.9862258 -2.38000 -0.00001 47 -25.000 -160.131633 187.033748
1701975266.9862258 -2.38000 -0.00001 46 -25.000 -160.131633 187.033748
1701975266.9862258 -2.38000 -0.00001 46 -25.000 -160.131633 187.033748
1701975266.9862258 -2.38000 -0.00001 43 -25.000 -160.131633 187.033748
1701975266.9862258 -2.38000 -0.00001 49 -25.000 -160.131633 187.033748
1701975278.3520107 -2.40000 -0.00001 67 -15.000 -160.131633 192.15796
1701975278.3520107 -2.40000 -0.00001 48 -15.000 -160.131633 192.15796
1701975278.3520107 -2.40000 -0.00001 66 -15.000 -160.131633 192.15796
1701975278.3520107 -2.40000 -0.00001 49 -15.000 -160.131633 192.15796
1701975278.3520107 -2.40000 -0.00001 66 -15.000 -160.131633 192.15796
1701975288.9130733 -2.40000 -0.00001 66 -25.000 -160.131633 192.15796
1701975288.9130733 -2.40000 -0.00001 56 -25.000 -160.131633 192.15796
1701975288.9130733 -2.40000 -0.00001 49 -25.000 -160.131633 192.15796
1701975288.9130733 -2.40000 -0.00001 60 -25.000 -160.131633 192.15796
1701975288.9130733 -2.40000 -0.00001 66 -25.000 -160.131633 192.15796
1701975300.294354 -2.42000 -0.00001 74 -15.000 -165.25584500000002 192.15796
1701975300.294354 -2.42000 -0.00001 70 -15.000 -165.25584500000002 192.15796
1701975300.294354 -2.42000 -0.00001 72 -15.000 -165.25584500000002 192.15796
1701975300.294354 -2.42000 -0.00001 67 -15.000 -165.25584500000002 192.15796
1701975300.294354 -2.42000 -0.00001 72 -15.000 -165.25584500000002 192.15796
1701975310.9527001 -2.42000 -0.00001 70 -25.000 -165.25584500000002 192.15796
1701975310.9527001 -2.42000 -0.00001 75 -25.000 -165.25584500000002 192.15796
1701975310.9527001 -2.42000 -0.00001 60 -25.000 -165.25584500000002 192.15796
1701975310.9527001 -2.42000 -0.00001 67 -25.000 -165.25584500000002 192.15796
1701975310.9527001 -2.42000 -0.00001 83 -25.000 -165.25584500000002 192.15796
1701975322.3316615 -2.44000 -0.00001 79 -15.000 -165.25584500000002 192.15796
1701975322.3316615 -2.44000 -0.00001 87 -15.000 -165.25584500000002 192.15796
1701975322.3316615 -2.44000 -0.00001 84 -15.000 -165.25584500000002 192.15796
1701975322.3316615 -2.44000 -0.00001 86 -15.000 -165.25584500000002 192.15796
1701975322.3316615 -2.44000 -0.00001 77 -15.000 -165.25584500000002 192.15796
1701975333.0065086 -2.44000 -0.00001 82 -25.000 -165.25584500000002 192.15796
1701975333.0065086 -2.44000 -0.00001 85 -25.000 -165.25584500000002 192.15796
1701975333.0065086 -2.44000 -0.00001 92 -25.000 -165.25584500000002 192.15796
1701975333.0065086 -2.44000 -0.00001 89 -25.000 -165.25584500000002 192.15796
1701975333.0065086 -2.44000 -0.00001 77 -25.000 -165.25584500000002 192.15796
1701975344.2716117 -2.46000 -0.00001 97 -15.000 -170.380056 197.282171
1701975344.2716117 -2.46000 -0.00001 85 -15.000 -170.380056 197.282171
1701975344.2716117 -2.46000 -0.00001 90 -15.000 -170.380056 197.282171
1701975344.2716117 -2.46000 -0.00001 98 -15.000 -170.380056 197.282171
1701975344.2716117 -2.46000 -0.00001 84 -15.000 -170.380056 197.282171
1701975354.9325485 -2.46000 -0.00001 94 -25.000 -170.380056 197.282171
1701975354.9325485 -2.46000 -0.00001 84 -25.000 -170.380056 197.282171
1701975354.9325485 -2.46000 -0.00001 107 -25.000 -170.380056 197.282171
1701975354.9325485 -2.46000 -0.00001 104 -25.000 -170.380056 197.282171
1701975354.9325485 -2.46000 -0.00001 93 -25.000 -170.380056 197.282171
1701975366.2109332 -2.48000 -0.00001 105 -15.000 -170.380056 197.282171
1701975366.2109332 -2.48000 -0.00001 111 -15.000 -170.380056 197.282171
1701975366.2109332 -2.48000 -0.00001 129 -15.000 -170.380056 197.282171
1701975366.2109332 -2.48000 -0.00001 113 -15.000 -170.380056 197.282171
1701975366.2109332 -2.48000 -0.00001 100 -15.000 -170.380056 197.282171
1701975376.9863214 -2.48000 -0.00001 130 -25.000 -170.380056 197.282171
1701975376.9863214 -2.48000 -0.00001 109 -25.000 -170.380056 197.282171
1701975376.9863214 -2.48000 -0.00001 140 -25.000 -170.380056 197.282171
1701975376.9863214 -2.48000 -0.00001 87 -25.000 -170.380056 197.282171
1701975376.9863214 -2.48000 -0.00001 107 -25.000 -170.380056 197.282171
1701975388.2515867 -2.50000 -0.00001 140 -15.000 -170.380056 197.282171
1701975388.2515867 -2.50000 -0.00001 128 -15.000 -170.380056 197.282171
1701975388.2515867 -2.50000 -0.00001 133 -15.000 -170.380056 197.282171
1701975388.2515867 -2.50000 -0.00001 127 -15.000 -170.380056 197.282171
1701975388.2515867 -2.50000 -0.00001 135 -15.000 -170.380056 197.282171
1701975398.9125295 -2.50000 -0.00001 125 -25.000 -170.380056 197.282171
1701975398.9125295 -2.50000 -0.00001 134 -25.000 -170.380056 197.282171
1701975398.9125295 -2.50000 -0.00001 145 -25.000 -170.380056 197.282171
1701975398.9125295 -2.50000 -0.00001 139 -25.000 -170.380056 197.282171
1701975398.9125295 -2.50000 -0.00001 115 -25.000 -170.380056 197.282171
1701975410.291546 -2.52000 -0.00001 151 -15.000 -175.504267 202.406382
1701975410.291546 -2.52000 -0.00001 172 -15.000 -175.504267 202.406382
1701975410.291546 -2.52000 -0.00001 135 -15.000 -175.504267 202.406382
1701975410.291546 -2.52000 -0.00001 121 -15.000 -175.504267 202.406382
1701975410.291546 -2.52000 -0.00001 152 -15.000 -175.504267 202.406382
1701975420.9533663 -2.52000 -0.00001 158 -25.000 -175.504267 202.406382
1701975420.9533663 -2.52000 -0.00001 153 -25.000 -175.504267 202.406382
1701975420.9533663 -2.52000 -0.00001 137 -25.000 -175.504267 202.406382
1701975420.9533663 -2.52000 -0.00001 132 -25.000 -175.504267 202.406382
1701975420.9533663 -2.52000 -0.00001 177 -25.000 -175.504267 202.406382
1701975432.231704 -2.54000 -0.00001 179 -15.000 -180.628479 207.530595
1701975432.231704 -2.54000 -0.00001 182 -15.000 -180.628479 207.530595
1701975432.231704 -2.54000 -0.00001 172 -15.000 -180.628479 207.530595
1701975432.231704 -2.54000 -0.00001 152 -15.000 -180.628479 207.530595
1701975432.231704 -2.54000 -0.00001 172 -15.000 -180.628479 207.530595
1701975443.0138958 -2.54000 -0.00001 147 -25.000 -180.628479 207.530595
1701975443.0138958 -2.54000 -0.00001 146 -25.000 -180.628479 207.530595
1701975443.0138958 -2.54000 -0.00001 185 -25.000 -180.628479 207.530595
1701975443.0138958 -2.54000 -0.00001 172 -25.000 -180.628479 207.530595
1701975443.0138958 -2.54000 -0.00001 160 -25.000 -180.628479 207.530595
1701975454.2714603 -2.56000 -0.00001 200 -15.000 -180.628479 212.654807
1701975454.2714603 -2.56000 -0.00001 185 -15.000 -180.628479 212.654807
1701975454.2714603 -2.56000 -0.00001 211 -15.000 -180.628479 212.654807
1701975454.2714603 -2.56000 -0.00001 192 -15.000 -180.628479 212.654807
1701975454.2714603 -2.56000 -0.00001 203 -15.000 -180.628479 212.654807
1701975464.9340925 -2.56000 -0.00001 184 -25.000 -180.628479 212.654807
1701975464.9340925 -2.56000 -0.00001 171 -25.000 -180.628479 212.654807
1701975464.9340925 -2.56000 -0.00001 173 -25.000 -180.628479 212.654807
1701975464.9340925 -2.56000 -0.00001 183 -25.000 -180.628479 212.654807
1701975464.9340925 -2.56000 -0.00001 203 -25.000 -180.628479 212.654807
1701975476.3127787 -2.58000 -0.00001 202 -15.000 -180.628479 212.654807
1701975476.3127787 -2.58000 -0.00001 240 -15.000 -180.628479 212.654807
1701975476.3127787 -2.58000 -0.00001 249 -15.000 -180.628479 212.654807
1701975476.3127787 -2.58000 -0.00001 211 -15.000 -180.628479 212.654807
1701975476.3127787 -2.58000 -0.00001 217 -15.000 -180.628479 212.654807
1701975486.9874911 -2.58000 -0.00001 215 -25.000 -180.628479 212.654807
1701975486.9874911 -2.58000 -0.00001 219 -25.000 -180.628479 212.654807
1701975486.9874911 -2.58000 -0.00001 207 -25.000 -180.628479 212.654807
1701975486.9874911 -2.58000 -0.00001 195 -25.000 -180.628479 212.654807
1701975486.9874911 -2.58000 -0.00001 211 -25.000 -180.628479 212.654807
1701975498.2519178 -2.60000 -0.00001 260 -15.000 -185.75269 212.654807
1701975498.2519178 -2.60000 -0.00001 194 -15.000 -185.75269 212.654807
1701975498.2519178 -2.60000 -0.00001 204 -15.000 -185.75269 212.654807
1701975498.2519178 -2.60000 -0.00001 216 -15.000 -185.75269 212.654807
1701975498.2519178 -2.60000 -0.00001 246 -15.000 -185.75269 212.654807
1701975508.9140444 -2.60000 -0.00001 227 -25.000 -185.75269 212.654807
1701975508.9140444 -2.60000 -0.00001 235 -25.000 -185.75269 212.654807
1701975508.9140444 -2.60000 -0.00001 224 -25.000 -185.75269 212.654807
1701975508.9140444 -2.60000 -0.00001 240 -25.000 -185.75269 212.654807
1701975508.9140444 -2.60000 -0.00001 212 -25.000 -185.75269 212.654807
1701975520.2928352 -2.62000 -0.00001 239 -15.000 -185.75269 217.77901799999998
1701975520.2928352 -2.62000 -0.00001 224 -15.000 -185.75269 217.77901799999998
1701975520.2928352 -2.62000 -0.00001 283 -15.000 -185.75269 217.77901799999998
1701975520.2928352 -2.62000 -0.00001 242 -15.000 -185.75269 217.77901799999998
1701975520.2928352 -2.62000 -0.00001 246 -15.000 -185.75269 217.77901799999998
1701975530.9536235 -2.62000 -0.00001 249 -25.000 -185.75269 217.77901799999998
1701975530.9536235 -2.62000 -0.00001 269 -25.000 -185.75269 217.77901799999998
1701975530.9536235 -2.62000 -0.00001 241 -25.000 -185.75269 217.77901799999998
1701975530.9536235 -2.62000 -0.00001 253 -25.000 -185.75269 217.77901799999998
1701975530.9536235 -2.62000 -0.00001 248 -25.000 -185.75269 217.77901799999998
1701975542.2315593 -2.64000 -0.00001 257 -15.000 -185.75269 217.77901799999998
1701975542.2315593 -2.64000 -0.00001 243 -15.000 -185.75269 217.77901799999998
1701975542.2315593 -2.64000 -0.00001 289 -15.000 -185.75269 217.77901799999998
1701975542.2315593 -2.64000 -0.00001 267 -15.000 -185.75269 217.77901799999998
1701975542.2315593 -2.64000 -0.00001 258 -15.000 -185.75269 217.77901799999998
1701975553.007509 -2.64000 -0.00001 287 -25.000 -185.75269 217.77901799999998
1701975553.007509 -2.64000 -0.00001 306 -25.000 -185.75269 217.77901799999998
1701975553.007509 -2.64000 -0.00001 280 -25.000 -185.75269 217.77901799999998
1701975553.007509 -2.64000 -0.00001 268 -25.000 -185.75269 217.77901799999998
1701975553.007509 -2.64000 -0.00001 281 -25.000 -185.75269 217.77901799999998
1701975564.28153 -2.66000 -0.00001 303 -15.000 -190.87690099999998 222.903229
1701975564.28153 -2.66000 -0.00001 306 -15.000 -190.87690099999998 222.903229
1701975564.28153 -2.66000 -0.00001 305 -15.000 -190.87690099999998 222.903229
1701975564.28153 -2.66000 -0.00001 293 -15.000 -190.87690099999998 222.903229
1701975564.28153 -2.66000 -0.00001 311 -15.000 -190.87690099999998 222.903229
1701975574.9334905 -2.66000 -0.00001 326 -25.000 -190.87690099999998 222.903229
1701975574.9334905 -2.66000 -0.00001 294 -25.000 -190.87690099999998 222.903229
1701975574.9334905 -2.66000 -0.00001 305 -25.000 -190.87690099999998 222.903229
1701975574.9334905 -2.66000 -0.00001 278 -25.000 -190.87690099999998 222.903229
1701975574.9334905 -2.66000 -0.00001 318 -25.000 -190.87690099999998 222.903229
1701975586.211547 -2.68000 -0.00001 334 -15.000 -190.87690099999998 222.903229
1701975586.211547 -2.68000 -0.00001 319 -15.000 -190.87690099999998 222.903229
1701975586.211547 -2.68000 -0.00001 333 -15.000 -190.87690099999998 222.903229
1701975586.211547 -2.68000 -0.00001 300 -15.000 -190.87690099999998 222.903229
1701975586.211547 -2.68000 -0.00001 336 -15.000 -190.87690099999998 222.903229
1701975596.9868147 -2.68000 -0.00001 329 -25.000 -190.87690099999998 222.903229
1701975596.9868147 -2.68000 -0.00001 355 -25.000 -190.87690099999998 222.903229
1701975596.9868147 -2.68000 -0.00001 367 -25.000 -190.87690099999998 222.903229
1701975596.9868147 -2.68000 -0.00001 323 -25.000 -190.87690099999998 222.903229
1701975596.9868147 -2.68000 -0.00001 294 -25.000 -190.87690099999998 222.903229
1701975608.1516507 -2.70000 -0.00001 368 -15.000 -190.87690099999998 228.027441
1701975608.1516507 -2.70000 -0.00001 374 -15.000 -190.87690099999998 228.027441
1701975608.1516507 -2.70000 -0.00001 357 -15.000 -190.87690099999998 228.027441
1701975608.1516507 -2.70000 -0.00001 375 -15.000 -190.87690099999998 228.027441
1701975608.1516507 -2.70000 -0.00001 375 -15.000 -190.87690099999998 228.027441
1701975618.913958 -2.70000 -0.00001 356 -25.000 -190.87690099999998 228.027441
1701975618.913958 -2.70000 -0.00001 405 -25.000 -190.87690099999998 228.027441
1701975618.913958 -2.70000 -0.00001 370 -25.000 -190.87690099999998 228.027441
1701975618.913958 -2.70000 -0.00001 346 -25.000 -190.87690099999998 228.027441
1701975618.913958 -2.70000 -0.00001 343 -25.000 -190.87690099999998 228.027441
1701975630.1921213 -2.72000 -0.00001 378 -15.000 -196.001112 228.027441
1701975630.1921213 -2.72000 -0.00001 405 -15.000 -196.001112 228.027441
1701975630.1921213 -2.72000 -0.00001 387 -15.000 -196.001112 228.027441
1701975630.1921213 -2.72000 -0.00001 402 -15.000 -196.001112 228.027441
1701975630.1921213 -2.72000 -0.00001 393 -15.000 -196.001112 228.027441
1701975640.9692202 -2.72000 -0.00001 400 -25.000 -196.001112 228.027441
1701975640.9692202 -2.72000 -0.00001 410 -25.000 -196.001112 228.027441
1701975640.9692202 -2.72000 -0.00001 380 -25.000 -196.001112 228.027441
1701975640.9692202 -2.72000 -0.00001 408 -25.000 -196.001112 228.027441
1701975640.9692202 -2.72000 -0.00001 387 -25.000 -196.001112 228.027441
1701975652.132254 -2.74000 -0.00001 417 -15.000 -196.001112 228.027441
1701975652.132254 -2.74000 -0.00001 438 -15.000 -196.001112 228.027441
1701975652.132254 -2.74000 -0.00001 416 -15.000 -196.001112 228.027441
1701975652.132254 -2.74000 -0.00001 413 -15.000 -196.001112 228.027441
1701975652.132254 -2.74000 -0.00001 439 -15.000 -196.001112 228.027441
1701975663.019581 -2.74000 -0.00001 421 -25.000 -196.001112 228.027441
1701975663.019581 -2.74000 -0.00001 434 -25.000 -196.001112 228.027441
1701975663.019581 -2.74000 -0.00001 425 -25.000 -196.001112 228.027441
1701975663.019581 -2.74000 -0.00001 381 -25.000 -196.001112 228.027441
1701975663.019581 -2.74000 -0.00001 405 -25.000 -196.001112 228.027441
1701975674.1721444 -2.76000 -0.00001 485 -15.000 -201.125324 233.15165199999998
1701975674.1721444 -2.76000 -0.00001 466 -15.000 -201.125324 233.15165199999998
1701975674.1721444 -2.76000 -0.00001 481 -15.000 -201.125324 233.15165199999998
1701975674.1721444 -2.76000 -0.00001 471 -15.000 -201.125324 233.15165199999998
1701975674.1721444 -2.76000 -0.00001 500 -15.000 -201.125324 233.15165199999998
1701975684.9349706 -2.76000 -0.00001 470 -25.000 -201.125324 233.15165199999998
1701975684.9349706 -2.76000 -0.00001 457 -25.000 -201.125324 233.15165199999998
1701975684.9349706 -2.76000 -0.00001 462 -25.000 -201.125324 233.15165199999998
1701975684.9349706 -2.76000 -0.00001 511 -25.000 -201.125324 233.15165199999998
1701975684.9349706 -2.76000 -0.00001 463 -25.000 -201.125324 233.15165199999998
1701975696.2126455 -2.78000 -0.00001 512 -15.000 -201.125324 238.27586300000002
1701975696.2126455 -2.78000 -0.00001 515 -15.000 -201.125324 238.27586300000002
1701975696.2126455 -2.78000 -0.00001 547 -15.000 -201.125324 238.27586300000002
1701975696.2126455 -2.78000 -0.00001 546 -15.000 -201.125324 238.27586300000002
1701975696.2126455 -2.78000 -0.00001 488 -15.000 -201.125324 238.27586300000002
1701975706.9902356 -2.78000 -0.00001 520 -25.000 -201.125324 238.27586300000002
1701975706.9902356 -2.78000 -0.00001 544 -25.000 -201.125324 238.27586300000002
1701975706.9902356 -2.78000 -0.00001 508 -25.000 -201.125324 238.27586300000002
1701975706.9902356 -2.78000 -0.00001 498 -25.000 -201.125324 238.27586300000002
1701975706.9902356 -2.78000 -0.00001 516 -25.000 -201.125324 238.27586300000002
1701975718.258231 -2.80000 -0.00001 604 -15.000 -206.24955 243.40008899999998
1701975718.258231 -2.80000 -0.00001 587 -15.000 -206.24955 243.40008899999998
1701975718.258231 -2.80000 -0.00001 590 -15.000 -206.24955 243.40008899999998
1701975718.258231 -2.80000 -0.00001 536 -15.000 -206.24955 243.40008899999998
1701975718.258231 -2.80000 -0.00001 523 -15.000 -206.24955 243.40008899999998
1701975728.9167588 -2.80000 -0.00001 522 -25.000 -206.24955 243.40008899999998
1701975728.9167588 -2.80000 -0.00001 606 -25.000 -206.24955 243.40008899999998
1701975728.9167588 -2.80000 -0.00001 568 -25.000 -206.24955 243.40008899999998
1701975728.9167588 -2.80000 -0.00001 565 -25.000 -206.24955 243.40008899999998
1701975728.9167588 -2.80000 -0.00001 583 -25.000 -206.24955 243.40008899999998
1701975740.295261 -2.82000 -0.00001 622 -15.000 -206.24955 243.40008899999998
1701975740.295261 -2.82000 -0.00001 633 -15.000 -206.24955 243.40008899999998
1701975740.295261 -2.82000 -0.00001 623 -15.000 -206.24955 243.40008899999998
1701975740.295261 -2.82000 -0.00001 654 -15.000 -206.24955 243.40008899999998
1701975740.295261 -2.82000 -0.00001 597 -15.000 -206.24955 243.40008899999998
1701975750.9705894 -2.82000 -0.00001 617 -25.000 -206.24955 243.40008899999998
1701975750.9705894 -2.82000 -0.00001 558 -25.000 -206.24955 243.40008899999998
1701975750.9705894 -2.82000 -0.00001 659 -25.000 -206.24955 243.40008899999998
1701975750.9705894 -2.82000 -0.00001 594 -25.000 -206.24955 243.40008899999998
1701975750.9705894 -2.82000 -0.00001 639 -25.000 -206.24955 243.40008899999998
1701975762.2343693 -2.84000 -0.00001 694 -15.000 -206.24955 243.40008899999998
1701975762.2343693 -2.84000 -0.00001 683 -15.000 -206.24955 243.40008899999998
1701975762.2343693 -2.84000 -0.00001 695 -15.000 -206.24955 243.40008899999998
1701975762.2343693 -2.84000 -0.00001 720 -15.000 -206.24955 243.40008899999998
1701975762.2343693 -2.84000 -0.00001 652 -15.000 -206.24955 243.40008899999998
1701975773.022233 -2.84000 -0.00001 688 -25.000 -206.24955 243.40008899999998
1701975773.022233 -2.84000 -0.00001 695 -25.000 -206.24955 243.40008899999998
1701975773.022233 -2.84000 -0.00001 709 -25.000 -206.24955 243.40008899999998
1701975773.022233 -2.84000 -0.00001 682 -25.000 -206.24955 243.40008899999998
1701975773.022233 -2.84000 -0.00001 697 -25.000 -206.24955 243.40008899999998
1701975784.2760477 -2.86000 -0.00001 752 -15.000 -211.373761 248.524301
1701975784.2760477 -2.86000 -0.00001 744 -15.000 -211.373761 248.524301
1701975784.2760477 -2.86000 -0.00001 784 -15.000 -211.373761 248.524301
1701975784.2760477 -2.86000 -0.00001 780 -15.000 -211.373761 248.524301
1701975784.2760477 -2.86000 -0.00001 769 -15.000 -211.373761 248.524301
1701975794.9500523 -2.86000 -0.00001 750 -25.000 -211.373761 248.524301
1701975794.9500523 -2.86000 -0.00001 818 -25.000 -211.373761 248.524301
1701975794.9500523 -2.86000 -0.00001 759 -25.000 -211.373761 248.524301
1701975794.9500523 -2.86000 -0.00001 747 -25.000 -211.373761 248.524301
1701975794.9500523 -2.86000 -0.00001 798 -25.000 -211.373761 248.524301
1701975806.2135992 -2.88000 -0.00001 870 -15.000 -211.373761 248.524301
1701975806.2135992 -2.88000 -0.00001 852 -15.000 -211.373761 248.524301
1701975806.2135992 -2.88000 -0.00001 853 -15.000 -211.373761 248.524301
1701975806.2135992 -2.88000 -0.00001 824 -15.000 -211.373761 248.524301
1701975806.2135992 -2.88000 -0.00001 863 -15.000 -211.373761 248.524301
1701975816.9883938 -2.88000 -0.00001 829 -25.000 -211.373761 248.524301
1701975816.9883938 -2.88000 -0.00001 856 -25.000 -211.373761 248.524301
1701975816.9883938 -2.88000 -0.00001 855 -25.000 -211.373761 248.524301
1701975816.9883938 -2.88000 -0.00001 858 -25.000 -211.373761 248.524301
1701975816.9883938 -2.88000 -0.00001 825 -25.000 -211.373761 248.524301
1701975828.2640889 -2.90000 -0.00001 976 -15.000 -211.373761 253.64851199999998
1701975828.2640889 -2.90000 -0.00001 924 -15.000 -211.373761 253.64851199999998
1701975828.2640889 -2.90000 -0.00001 934 -15.000 -211.373761 253.64851199999998
1701975828.2640889 -2.90000 -0.00001 937 -15.000 -211.373761 253.64851199999998
1701975828.2640889 -2.90000 -0.00001 947 -15.000 -211.373761 253.64851199999998
1701975838.9157465 -2.90000 -0.00001 919 -25.000 -211.373761 253.64851199999998
1701975838.9157465 -2.90000 -0.00001 898 -25.000 -211.373761 253.64851199999998
1701975838.9157465 -2.90000 -0.00001 931 -25.000 -211.373761 253.64851199999998
1701975838.9157465 -2.90000 -0.00001 892 -25.000 -211.373761 253.64851199999998
1701975838.9157465 -2.90000 -0.00001 887 -25.000 -211.373761 253.64851199999998
1701975850.1928737 -2.92000 -0.00001 1022 -15.000 -216.497973 253.64851199999998
1701975850.1928737 -2.92000 -0.00001 991 -15.000 -216.497973 253.64851199999998
1701975850.1928737 -2.92000 -0.00001 1051 -15.000 -216.497973 253.64851199999998
1701975850.1928737 -2.92000 -0.00001 1029 -15.000 -216.497973 253.64851199999998
1701975850.1928737 -2.92000 -0.00001 1007 -15.000 -216.497973 253.64851199999998
1701975860.9690654 -2.92000 -0.00001 1008 -25.000 -216.497973 253.64851199999998
1701975860.9690654 -2.92000 -0.00001 1014 -25.000 -216.497973 253.64851199999998
1701975860.9690654 -2.92000 -0.00001 1022 -25.000 -216.497973 253.64851199999998
1701975860.9690654 -2.92000 -0.00001 977 -25.000 -216.497973 253.64851199999998
1701975860.9690654 -2.92000 -0.00001 997 -25.000 -216.497973 253.64851199999998
1701975872.1402404 -2.94000 -0.00001 1153 -15.000 -216.497973 253.64851199999998
1701975872.1402404 -2.94000 -0.00001 1131 -15.000 -216.497973 253.64851199999998
1701975872.1402404 -2.94000 -0.00001 1091 -15.000 -216.497973 253.64851199999998
1701975872.1402404 -2.94000 -0.00001 1096 -15.000 -216.497973 253.64851199999998
1701975872.1402404 -2.94000 -0.00001 1075 -15.000 -216.497973 253.64851199999998
1701975883.009952 -2.94000 -0.00001 1132 -25.000 -216.497973 253.64851199999998
1701975883.009952 -2.94000 -0.00001 1092 -25.000 -216.497973 253.64851199999998
1701975883.009952 -2.94000 -0.00001 1091 -25.000 -216.497973 253.64851199999998
1701975883.009952 -2.94000 -0.00001 1113 -25.000 -216.497973 253.64851199999998
1701975883.009952 -2.94000 -0.00001 1124 -25.000 -216.497973 253.64851199999998
1701975894.1724732 -2.96000 -0.00001 1249 -15.000 -216.497973 258.772723
1701975894.1724732 -2.96000 -0.00001 1215 -15.000 -216.497973 258.772723
1701975894.1724732 -2.96000 -0.00001 1231 -15.000 -216.497973 258.772723
1701975894.1724732 -2.96000 -0.00001 1235 -15.000 -216.497973 258.772723
1701975894.1724732 -2.96000 -0.00001 1203 -15.000 -216.497973 258.772723
1701975904.9353647 -2.96000 -0.00001 1237 -25.000 -216.497973 258.772723
1701975904.9353647 -2.96000 -0.00001 1231 -25.000 -216.497973 258.772723
1701975904.9353647 -2.96000 -0.00001 1234 -25.000 -216.497973 258.772723
1701975904.9353647 -2.96000 -0.00001 1252 -25.000 -216.497973 258.772723
1701975904.9353647 -2.96000 -0.00001 1213 -25.000 -216.497973 258.772723
1701975916.1120138 -2.98000 -0.00002 1348 -15.000 -221.622184 263.896935
1701975916.1120138 -2.98000 -0.00002 1298 -15.000 -221.622184 263.896935
1701975916.1120138 -2.98000 -0.00002 1371 -15.000 -221.622184 263.896935
1701975916.1120138 -2.98000 -0.00002 1346 -15.000 -221.622184 263.896935
1701975916.1120138 -2.98000 -0.00002 1381 -15.000 -221.622184 263.896935
1701975926.9877067 -2.98000 -0.00002 1362 -25.000 -221.622184 263.896935
1701975926.9877067 -2.98000 -0.00002 1310 -25.000 -221.622184 263.896935
1701975926.9877067 -2.98000 -0.00002 1380 -25.000 -221.622184 263.896935
1701975926.9877067 -2.98000 -0.00002 1377 -25.000 -221.622184 263.896935
1701975926.9877067 -2.98000 -0.00002 1320 -25.000 -221.622184 263.896935
1701975938.2528896 -3.00000 -0.00002 1469 -15.000 -226.74639499999998 269.021146
1701975938.2528896 -3.00000 -0.00002 1490 -15.000 -226.74639499999998 269.021146
1701975938.2528896 -3.00000 -0.00002 1449 -15.000 -226.74639499999998 269.021146
1701975938.2528896 -3.00000 -0.00002 1475 -15.000 -226.74639499999998 269.021146
1701975938.2528896 -3.00000 -0.00002 1451 -15.000 -226.74639499999998 269.021146
1701975948.9149978 -3.00000 -0.00002 1469 -25.000 -226.74639499999998 269.021146
1701975948.9149978 -3.00000 -0.00002 1447 -25.000 -226.74639499999998 269.021146
1701975948.9149978 -3.00000 -0.00002 1461 -25.000 -226.74639499999998 269.021146
1701975948.9149978 -3.00000 -0.00002 1507 -25.000 -226.74639499999998 269.021146
1701975948.9149978 -3.00000 -0.00002 1550 -25.000 -226.74639499999998 269.021146
1701975960.1929638 -3.02000 -0.00002 1529 -15.000 -226.74639499999998 269.021146
1701975960.1929638 -3.02000 -0.00002 1555 -15.000 -226.74639499999998 269.021146
1701975960.1929638 -3.02000 -0.00002 1589 -15.000 -226.74639499999998 269.021146
1701975960.1929638 -3.02000 -0.00002 1579 -15.000 -226.74639499999998 269.021146
1701975960.1929638 -3.02000 -0.00002 1597 -15.000 -226.74639499999998 269.021146
1701975970.9564166 -3.02000 -0.00002 1557 -25.000 -226.74639499999998 269.021146
1701975970.9564166 -3.02000 -0.00002 1613 -25.000 -226.74639499999998 269.021146
1701975970.9564166 -3.02000 -0.00002 1545 -25.000 -226.74639499999998 269.021146
1701975970.9564166 -3.02000 -0.00002 1566 -25.000 -226.74639499999998 269.021146
1701975970.9564166 -3.02000 -0.00002 1580 -25.000 -226.74639499999998 269.021146
1701975982.1315298 -3.04000 -0.00002 1732 -15.000 -226.74639499999998 269.021146
1701975982.1315298 -3.04000 -0.00002 1672 -15.000 -226.74639499999998 269.021146
1701975982.1315298 -3.04000 -0.00002 1674 -15.000 -226.74639499999998 269.021146
1701975982.1315298 -3.04000 -0.00002 1661 -15.000 -226.74639499999998 269.021146
1701975982.1315298 -3.04000 -0.00002 1712 -15.000 -226.74639499999998 269.021146
1701975992.9956417 -3.04000 -0.00002 1676 -25.000 -226.74639499999998 269.021146
1701975992.9956417 -3.04000 -0.00002 1761 -25.000 -226.74639499999998 269.021146
1701975992.9956417 -3.04000 -0.00002 1739 -25.000 -226.74639499999998 269.021146
1701975992.9956417 -3.04000 -0.00002 1724 -25.000 -226.74639499999998 269.021146
1701975992.9956417 -3.04000 -0.00002 1693 -25.000 -226.74639499999998 269.021146
1701976004.1726174 -3.06000 -0.00002 1862 -15.000 -226.74639499999998 274.145357
1701976004.1726174 -3.06000 -0.00002 1787 -15.000 -226.74639499999998 274.145357
1701976004.1726174 -3.06000 -0.00002 1865 -15.000 -226.74639499999998 274.145357
1701976004.1726174 -3.06000 -0.00002 1811 -15.000 -226.74639499999998 274.145357
1701976004.1726174 -3.06000 -0.00002 1818 -15.000 -226.74639499999998 274.145357
1701976014.9357996 -3.06000 -0.00002 1866 -25.000 -226.74639499999998 274.145357
1701976014.9357996 -3.06000 -0.00002 1795 -25.000 -226.74639499999998 274.145357
1701976014.9357996 -3.06000 -0.00002 1845 -25.000 -226.74639499999998 274.145357
1701976014.9357996 -3.06000 -0.00002 1856 -25.000 -226.74639499999998 274.145357
1701976014.9357996 -3.06000 -0.00002 1851 -25.000 -226.74639499999998 274.145357
1701976026.2126698 -3.08000 -0.00002 1939 -15.000 -247.24324000000001 274.145357
1701976026.2126698 -3.08000 -0.00002 1986 -15.000 -247.24324000000001 274.145357
1701976026.2126698 -3.08000 -0.00002 1954 -15.000 -247.24324000000001 274.145357
1701976026.2126698 -3.08000 -0.00002 1954 -15.000 -247.24324000000001 274.145357
1701976026.2126698 -3.08000 -0.00002 1971 -15.000 -247.24324000000001 274.145357
1701976036.989841 -3.08000 -0.00002 1955 -25.000 -247.24324000000001 274.145357
1701976036.989841 -3.08000 -0.00002 1968 -25.000 -247.24324000000001 274.145357
1701976036.989841 -3.08000 -0.00002 1968 -25.000 -247.24324000000001 274.145357
1701976036.989841 -3.08000 -0.00002 1962 -25.000 -247.24324000000001 274.145357
1701976036.989841 -3.08000 -0.00002 1943 -25.000 -247.24324000000001 274.145357
1701976048.0515912 -3.10000 -0.00002 2081 -15.000 -231.870607 274.145357
1701976048.0515912 -3.10000 -0.00002 2098 -15.000 -231.870607 274.145357
1701976048.0515912 -3.10000 -0.00002 2073 -15.000 -231.870607 274.145357
1701976048.0515912 -3.10000 -0.00002 2107 -15.000 -231.870607 274.145357
1701976048.0515912 -3.10000 -0.00002 2081 -15.000 -231.870607 274.145357
1701976058.0196314 -3.10000 -0.00002 2071 -25.000 -231.870607 274.145357
1701976058.0196314 -3.10000 -0.00002 2095 -25.000 -231.870607 274.145357
1701976058.0196314 -3.10000 -0.00002 2106 -25.000 -231.870607 274.145357
1701976058.0196314 -3.10000 -0.00002 2098 -25.000 -231.870607 274.145357
1701976058.0196314 -3.10000 -0.00002 2107 -25.000 -231.870607 274.145357
1701976069.080463 -3.12000 -0.00002 2212 -15.000 -236.994818 279.269569
1701976069.080463 -3.12000 -0.00002 2239 -15.000 -236.994818 279.269569
1701976069.080463 -3.12000 -0.00002 2185 -15.000 -236.994818 279.269569
1701976069.080463 -3.12000 -0.00002 2197 -15.000 -236.994818 279.269569
1701976069.080463 -3.12000 -0.00002 2230 -15.000 -236.994818 279.269569
1701976078.9334023 -3.12000 -0.00002 2219 -25.000 -236.994818 279.269569
1701976078.9334023 -3.12000 -0.00002 2203 -25.000 -236.994818 279.269569
1701976078.9334023 -3.12000 -0.00002 2242 -25.000 -236.994818 279.269569
1701976078.9334023 -3.12000 -0.00002 2230 -25.000 -236.994818 279.269569
1701976078.9334023 -3.12000 -0.00002 2234 -25.000 -236.994818 279.269569
1701976090.2115319 -3.14000 -0.00002 2370 -15.000 -236.994818 279.269569
1701976090.2115319 -3.14000 -0.00002 2331 -15.000 -236.994818 279.269569
1701976090.2115319 -3.14000 -0.00002 2368 -15.000 -236.994818 279.269569
1701976090.2115319 -3.14000 -0.00002 2356 -15.000 -236.994818 279.269569
1701976090.2115319 -3.14000 -0.00002 2373 -15.000 -236.994818 279.269569
1701976100.9873567 -3.14000 -0.00002 2349 -25.000 -236.994818 279.269569
1701976100.9873567 -3.14000 -0.00002 2347 -25.000 -236.994818 279.269569
1701976100.9873567 -3.14000 -0.00002 2370 -25.000 -236.994818 279.269569
1701976100.9873567 -3.14000 -0.00002 2367 -25.000 -236.994818 279.269569
1701976100.9873567 -3.14000 -0.00002 2380 -25.000 -236.994818 279.269569
1701976112.1509988 -3.16000 -0.00002 2438 -15.000 -236.994818 284.39378
1701976112.1509988 -3.16000 -0.00002 2454 -15.000 -236.994818 284.39378
1701976112.1509988 -3.16000 -0.00002 2488 -15.000 -236.994818 284.39378
1701976112.1509988 -3.16000 -0.00002 2509 -15.000 -236.994818 284.39378
1701976112.1509988 -3.16000 -0.00002 2425 -15.000 -236.994818 284.39378
1701976122.913304 -3.16000 -0.00002 2474 -25.000 -236.994818 284.39378
1701976122.913304 -3.16000 -0.00002 2434 -25.000 -236.994818 284.39378
1701976122.913304 -3.16000 -0.00002 2461 -25.000 -236.994818 284.39378
1701976122.913304 -3.16000 -0.00002 2464 -25.000 -236.994818 284.39378
1701976122.913304 -3.16000 -0.00002 2508 -25.000 -236.994818 284.39378
1701976134.190845 -3.18000 -0.00002 2615 -15.000 -242.119029 289.517991
1701976134.190845 -3.18000 -0.00002 2613 -15.000 -242.119029 289.517991
1701976134.190845 -3.18000 -0.00002 2610 -15.000 -242.119029 289.517991
1701976134.190845 -3.18000 -0.00002 2598 -15.000 -242.119029 289.517991
1701976134.190845 -3.18000 -0.00002 2619 -15.000 -242.119029 289.517991
1701976144.9547036 -3.18000 -0.00002 2621 -25.000 -242.119029 289.517991
1701976144.9547036 -3.18000 -0.00002 2599 -25.000 -242.119029 289.517991
1701976144.9547036 -3.18000 -0.00002 2623 -25.000 -242.119029 289.517991
1701976144.9547036 -3.18000 -0.00002 2618 -25.000 -242.119029 289.517991
1701976144.9547036 -3.18000 -0.00002 2626 -25.000 -242.119029 289.517991
1701976156.1311827 -3.20000 -0.00002 2759 -15.000 -242.119029 284.39378
1701976156.1311827 -3.20000 -0.00002 2753 -15.000 -242.119029 284.39378
1701976156.1311827 -3.20000 -0.00002 2688 -15.000 -242.119029 284.39378
1701976156.1311827 -3.20000 -0.00002 2771 -15.000 -242.119029 284.39378
1701976156.1311827 -3.20000 -0.00002 2723 -15.000 -242.119029 284.39378
1701976167.005735 -3.20000 -0.00002 2725 -25.000 -242.119029 284.39378
1701976167.005735 -3.20000 -0.00002 2724 -25.000 -242.119029 284.39378
1701976167.005735 -3.20000 -0.00002 2679 -25.000 -242.119029 284.39378
1701976167.005735 -3.20000 -0.00002 2753 -25.000 -242.119029 284.39378
1701976167.005735 -3.20000 -0.00002 2727 -25.000 -242.119029 284.39378
1701976178.2719004 -3.22000 -0.00002 2860 -15.000 -247.24324000000001 289.517991
1701976178.2719004 -3.22000 -0.00002 2818 -15.000 -247.24324000000001 289.517991
1701976178.2719004 -3.22000 -0.00002 2866 -15.000 -247.24324000000001 289.517991
1701976178.2719004 -3.22000 -0.00002 2854 -15.000 -247.24324000000001 289.517991
1701976178.2719004 -3.22000 -0.00002 2821 -15.000 -247.24324000000001 289.517991
1701976188.9341378 -3.22000 -0.00002 2867 -25.000 -247.24324000000001 289.517991
1701976188.9341378 -3.22000 -0.00002 2864 -25.000 -247.24324000000001 289.517991
1701976188.9341378 -3.22000 -0.00002 2894 -25.000 -247.24324000000001 289.517991
1701976188.9341378 -3.22000 -0.00002 2872 -25.000 -247.24324000000001 289.517991
1701976188.9341378 -3.22000 -0.00002 2853 -25.000 -247.24324000000001 289.517991
1701976200.3128865 -3.24000 -0.00002 2990 -15.000 -247.24324000000001 294.642203
1701976200.3128865 -3.24000 -0.00002 2965 -15.000 -247.24324000000001 294.642203
1701976200.3128865 -3.24000 -0.00002 2982 -15.000 -247.24324000000001 294.642203
1701976200.3128865 -3.24000 -0.00002 2993 -15.000 -247.24324000000001 294.642203
1701976200.3128865 -3.24000 -0.00002 2954 -15.000 -247.24324000000001 294.642203
1701976210.9868186 -3.24000 -0.00002 2929 -25.000 -247.24324000000001 294.642203
1701976210.9868186 -3.24000 -0.00002 2985 -25.000 -247.24324000000001 294.642203
1701976210.9868186 -3.24000 -0.00002 2975 -25.000 -247.24324000000001 294.642203
1701976210.9868186 -3.24000 -0.00002 2955 -25.000 -247.24324000000001 294.642203
1701976210.9868186 -3.24000 -0.00002 2947 -25.000 -247.24324000000001 294.642203
1701976222.2516117 -3.26000 -0.00002 3076 -15.000 -257.491678 299.766429
1701976222.2516117 -3.26000 -0.00002 3070 -15.000 -257.491678 299.766429
1701976222.2516117 -3.26000 -0.00002 3103 -15.000 -257.491678 299.766429
1701976222.2516117 -3.26000 -0.00002 3080 -15.000 -257.491678 299.766429
1701976222.2516117 -3.26000 -0.00002 3072 -15.000 -257.491678 299.766429
1701976232.9133084 -3.26000 -0.00002 3089 -25.000 -257.491678 299.766429
1701976232.9133084 -3.26000 -0.00002 3086 -25.000 -257.491678 299.766429
1701976232.9133084 -3.26000 -0.00002 3100 -25.000 -257.491678 299.766429
1701976232.9133084 -3.26000 -0.00002 3081 -25.000 -257.491678 299.766429
1701976232.9133084 -3.26000 -0.00002 3090 -25.000 -257.491678 299.766429
1701976244.2926095 -3.28000 -0.00002 3216 -15.000 -252.367467 299.766429
1701976244.2926095 -3.28000 -0.00002 3190 -15.000 -252.367467 299.766429
1701976244.2926095 -3.28000 -0.00002 3188 -15.000 -252.367467 299.766429
1701976244.2926095 -3.28000 -0.00002 3196 -15.000 -252.367467 299.766429
1701976244.2926095 -3.28000 -0.00002 3174 -15.000 -252.367467 299.766429
1701976254.966851 -3.28000 -0.00002 3173 -25.000 -252.367467 299.766429
1701976254.966851 -3.28000 -0.00002 3228 -25.000 -252.367467 299.766429
1701976254.966851 -3.28000 -0.00002 3199 -25.000 -252.367467 299.766429
1701976254.966851 -3.28000 -0.00002 3203 -25.000 -252.367467 299.766429
1701976254.966851 -3.28000 -0.00002 3230 -25.000 -252.367467 299.766429
1701976266.2315757 -3.30000 -0.00002 3335 -15.000 -252.367467 299.766429
1701976266.2315757 -3.30000 -0.00002 3299 -15.000 -252.367467 299.766429
1701976266.2315757 -3.30000 -0.00002 3344 -15.000 -252.367467 299.766429
1701976266.2315757 -3.30000 -0.00002 3292 -15.000 -252.367467 299.766429
1701976266.2315757 -3.30000 -0.00002 3305 -15.000 -252.367467 299.766429
1701976277.0200133 -3.30000 -0.00002 3289 -25.000 -252.367467 299.766429
1701976277.0200133 -3.30000 -0.00002 3337 -25.000 -252.367467 299.766429
1701976277.0200133 -3.30000 -0.00002 3287 -25.000 -252.367467 299.766429
1701976277.0200133 -3.30000 -0.00002 3320 -25.000 -252.367467 299.766429
1701976277.0200133 -3.30000 -0.00002 3294 -25.000 -252.367467 299.766429
