# This is data for a Photon Count Rate vs Bias curve
# Wafer : Device	Pa231025 : R1C3
# Bias Resistor : 1040000
# PCR measure comments: MIR microwire R1C3 pix 2
# MIR microwire R1C3 pix2
# Counter setup: keysight53220A
# 	Trigger Threshhold: -60 mV
# 	Noise Rejection: False
# 	Gate integration: 0.15 s
# Pulsed OFF
# 
# Cols: unixtime-[s]	 Bias-[V]	 Sense_Voltage-[V]	 Counts-[#Photons]	 Threshold-[mV]	 Min Peak Voltage-[mV]	 Peak to Peak Voltage-[mV]
1701969035.7227287 0.00000 -0.00000 0 -15.000 -11.5294773 23.0589546
1701969035.7227287 0.00000 -0.00000 0 -15.000 -11.5294773 23.0589546
1701969035.7227287 0.00000 -0.00000 0 -15.000 -11.5294773 23.0589546
1701969035.7227287 0.00000 -0.00000 0 -15.000 -11.5294773 23.0589546
1701969035.7227287 0.00000 -0.00000 0 -15.000 -11.5294773 23.0589546
1701969045.979975 0.00000 -0.00000 0 -25.000 -11.5294773 23.0589546
1701969045.979975 0.00000 -0.00000 0 -25.000 -11.5294773 23.0589546
1701969045.979975 0.00000 -0.00000 0 -25.000 -11.5294773 23.0589546
1701969045.979975 0.00000 -0.00000 0 -25.000 -11.5294773 23.0589546
1701969045.979975 0.00000 -0.00000 0 -25.000 -11.5294773 23.0589546
1701969057.4593966 -1.50000 0.00000 1 -15.000 -11.5294773 28.1831678
1701969057.4593966 -1.50000 0.00000 0 -15.000 -11.5294773 28.1831678
1701969057.4593966 -1.50000 0.00000 1 -15.000 -11.5294773 28.1831678
1701969057.4593966 -1.50000 0.00000 0 -15.000 -11.5294773 28.1831678
1701969057.4593966 -1.50000 0.00000 1 -15.000 -11.5294773 28.1831678
1701969068.033269 -1.50000 0.00000 0 -25.000 -11.5294773 28.1831678
1701969068.033269 -1.50000 0.00000 1 -25.000 -11.5294773 28.1831678
1701969068.033269 -1.50000 0.00000 0 -25.000 -11.5294773 28.1831678
1701969068.033269 -1.50000 0.00000 0 -25.000 -11.5294773 28.1831678
1701969068.033269 -1.50000 0.00000 1 -25.000 -11.5294773 28.1831678
1701969079.398844 -1.52000 -0.00001 0 -15.000 -16.6536905 28.1831678
1701969079.398844 -1.52000 -0.00001 0 -15.000 -16.6536905 28.1831678
1701969079.398844 -1.52000 -0.00001 3 -15.000 -16.6536905 28.1831678
1701969079.398844 -1.52000 -0.00001 0 -15.000 -16.6536905 28.1831678
1701969079.398844 -1.52000 -0.00001 2 -15.000 -16.6536905 28.1831678
1701969090.0722976 -1.52000 -0.00001 0 -25.000 -16.6536905 28.1831678
1701969090.0722976 -1.52000 -0.00001 0 -25.000 -16.6536905 28.1831678
1701969090.0722976 -1.52000 -0.00001 0 -25.000 -16.6536905 28.1831678
1701969090.0722976 -1.52000 -0.00001 0 -25.000 -16.6536905 28.1831678
1701969090.0722976 -1.52000 -0.00001 0 -25.000 -16.6536905 28.1831678
1701969101.438071 -1.54000 -0.00000 0 -15.000 -21.7779018 23.0589556
1701969101.438071 -1.54000 -0.00000 0 -15.000 -21.7779018 23.0589556
1701969101.438071 -1.54000 -0.00000 0 -15.000 -21.7779018 23.0589556
1701969101.438071 -1.54000 -0.00000 0 -15.000 -21.7779018 23.0589556
1701969101.438071 -1.54000 -0.00000 2 -15.000 -21.7779018 23.0589556
1701969111.9991732 -1.54000 -0.00000 1 -25.000 -21.7779018 23.0589556
1701969111.9991732 -1.54000 -0.00000 1 -25.000 -21.7779018 23.0589556
1701969111.9991732 -1.54000 -0.00000 1 -25.000 -21.7779018 23.0589556
1701969111.9991732 -1.54000 -0.00000 0 -25.000 -21.7779018 23.0589556
1701969111.9991732 -1.54000 -0.00000 0 -25.000 -21.7779018 23.0589556
1701969123.4781647 -1.56000 -0.00000 0 -15.000 -16.6536905 23.0589546
1701969123.4781647 -1.56000 -0.00000 0 -15.000 -16.6536905 23.0589546
1701969123.4781647 -1.56000 -0.00000 0 -15.000 -16.6536905 23.0589546
1701969123.4781647 -1.56000 -0.00000 1 -15.000 -16.6536905 23.0589546
1701969123.4781647 -1.56000 -0.00000 1 -15.000 -16.6536905 23.0589546
1701969134.0401065 -1.56000 -0.00000 1 -25.000 -16.6536905 23.0589546
1701969134.0401065 -1.56000 -0.00000 1 -25.000 -16.6536905 23.0589546
1701969134.0401065 -1.56000 -0.00000 0 -25.000 -16.6536905 23.0589546
1701969134.0401065 -1.56000 -0.00000 1 -25.000 -16.6536905 23.0589546
1701969134.0401065 -1.56000 -0.00000 1 -25.000 -16.6536905 23.0589546
1701969145.417374 -1.58000 -0.00001 1 -15.000 -11.5294773 23.0589546
1701969145.417374 -1.58000 -0.00001 0 -15.000 -11.5294773 23.0589546
1701969145.417374 -1.58000 -0.00001 0 -15.000 -11.5294773 23.0589546
1701969145.417374 -1.58000 -0.00001 0 -15.000 -11.5294773 23.0589546
1701969145.417374 -1.58000 -0.00001 1 -15.000 -11.5294773 23.0589546
1701969155.9800227 -1.58000 -0.00001 0 -25.000 -11.5294773 23.0589546
1701969155.9800227 -1.58000 -0.00001 0 -25.000 -11.5294773 23.0589546
1701969155.9800227 -1.58000 -0.00001 0 -25.000 -11.5294773 23.0589546
1701969155.9800227 -1.58000 -0.00001 1 -25.000 -11.5294773 23.0589546
1701969155.9800227 -1.58000 -0.00001 0 -25.000 -11.5294773 23.0589546
1701969167.4585986 -1.60000 -0.00001 1 -15.000 -11.5294773 53.804228099999996
1701969167.4585986 -1.60000 -0.00001 0 -15.000 -11.5294773 53.804228099999996
1701969167.4585986 -1.60000 -0.00001 2 -15.000 -11.5294773 53.804228099999996
1701969167.4585986 -1.60000 -0.00001 0 -15.000 -11.5294773 53.804228099999996
1701969167.4585986 -1.60000 -0.00001 0 -15.000 -11.5294773 53.804228099999996
1701969178.0335224 -1.60000 -0.00001 1 -25.000 -11.5294773 53.804228099999996
1701969178.0335224 -1.60000 -0.00001 1 -25.000 -11.5294773 53.804228099999996
1701969178.0335224 -1.60000 -0.00001 0 -25.000 -11.5294773 53.804228099999996
1701969178.0335224 -1.60000 -0.00001 0 -25.000 -11.5294773 53.804228099999996
1701969178.0335224 -1.60000 -0.00001 0 -25.000 -11.5294773 53.804228099999996
1701969189.3976269 -1.62000 -0.00001 1 -15.000 -16.6536905 28.1831678
1701969189.3976269 -1.62000 -0.00001 1 -15.000 -16.6536905 28.1831678
1701969189.3976269 -1.62000 -0.00001 0 -15.000 -16.6536905 28.1831678
1701969189.3976269 -1.62000 -0.00001 2 -15.000 -16.6536905 28.1831678
1701969189.3976269 -1.62000 -0.00001 0 -15.000 -16.6536905 28.1831678
1701969200.0856154 -1.62000 -0.00001 2 -25.000 -16.6536905 28.1831678
1701969200.0856154 -1.62000 -0.00001 0 -25.000 -16.6536905 28.1831678
1701969200.0856154 -1.62000 -0.00001 0 -25.000 -16.6536905 28.1831678
1701969200.0856154 -1.62000 -0.00001 1 -25.000 -16.6536905 28.1831678
1701969200.0856154 -1.62000 -0.00001 1 -25.000 -16.6536905 28.1831678
1701969211.437335 -1.64000 -0.00001 0 -15.000 -16.6536905 28.1831678
1701969211.437335 -1.64000 -0.00001 4 -15.000 -16.6536905 28.1831678
1701969211.437335 -1.64000 -0.00001 1 -15.000 -16.6536905 28.1831678
1701969211.437335 -1.64000 -0.00001 2 -15.000 -16.6536905 28.1831678
1701969211.437335 -1.64000 -0.00001 1 -15.000 -16.6536905 28.1831678
1701969222.0112321 -1.64000 -0.00001 1 -25.000 -16.6536905 28.1831678
1701969222.0112321 -1.64000 -0.00001 0 -25.000 -16.6536905 28.1831678
1701969222.0112321 -1.64000 -0.00001 0 -25.000 -16.6536905 28.1831678
1701969222.0112321 -1.64000 -0.00001 0 -25.000 -16.6536905 28.1831678
1701969222.0112321 -1.64000 -0.00001 2 -25.000 -16.6536905 28.1831678
1701969233.4781616 -1.66000 -0.00001 0 -15.000 -16.6536905 33.3073791
1701969233.4781616 -1.66000 -0.00001 1 -15.000 -16.6536905 33.3073791
1701969233.4781616 -1.66000 -0.00001 2 -15.000 -16.6536905 33.3073791
1701969233.4781616 -1.66000 -0.00001 1 -15.000 -16.6536905 33.3073791
1701969233.4781616 -1.66000 -0.00001 0 -15.000 -16.6536905 33.3073791
1701969244.0518832 -1.66000 -0.00001 0 -25.000 -16.6536905 33.3073791
1701969244.0518832 -1.66000 -0.00001 1 -25.000 -16.6536905 33.3073791
1701969244.0518832 -1.66000 -0.00001 2 -25.000 -16.6536905 33.3073791
1701969244.0518832 -1.66000 -0.00001 0 -25.000 -16.6536905 33.3073791
1701969244.0518832 -1.66000 -0.00001 0 -25.000 -16.6536905 33.3073791
1701969255.417437 -1.68000 -0.00001 3 -15.000 -16.6536905 17.934742399999998
1701969255.417437 -1.68000 -0.00001 1 -15.000 -16.6536905 17.934742399999998
1701969255.417437 -1.68000 -0.00001 9 -15.000 -16.6536905 17.934742399999998
1701969255.417437 -1.68000 -0.00001 0 -15.000 -16.6536905 17.934742399999998
1701969255.417437 -1.68000 -0.00001 0 -15.000 -16.6536905 17.934742399999998
1701969265.979153 -1.68000 -0.00001 0 -25.000 -16.6536905 17.934742399999998
1701969265.979153 -1.68000 -0.00001 1 -25.000 -16.6536905 17.934742399999998
1701969265.979153 -1.68000 -0.00001 2 -25.000 -16.6536905 17.934742399999998
1701969265.979153 -1.68000 -0.00001 1 -25.000 -16.6536905 17.934742399999998
1701969265.979153 -1.68000 -0.00001 1 -25.000 -16.6536905 17.934742399999998
1701969277.3568606 -1.70000 -0.00001 0 -15.000 -52.5231771 28.1831678
1701969277.3568606 -1.70000 -0.00001 0 -15.000 -52.5231771 28.1831678
1701969277.3568606 -1.70000 -0.00001 0 -15.000 -52.5231771 28.1831678
1701969277.3568606 -1.70000 -0.00001 1 -15.000 -52.5231771 28.1831678
1701969277.3568606 -1.70000 -0.00001 0 -15.000 -52.5231771 28.1831678
1701969288.0187953 -1.70000 -0.00001 0 -25.000 -52.5231771 28.1831678
1701969288.0187953 -1.70000 -0.00001 0 -25.000 -52.5231771 28.1831678
1701969288.0187953 -1.70000 -0.00001 0 -25.000 -52.5231771 28.1831678
1701969288.0187953 -1.70000 -0.00001 0 -25.000 -52.5231771 28.1831678
1701969288.0187953 -1.70000 -0.00001 1 -25.000 -52.5231771 28.1831678
1701969299.3976283 -1.72000 -0.00001 1 -15.000 -16.6536905 23.0589546
1701969299.3976283 -1.72000 -0.00001 1 -15.000 -16.6536905 23.0589546
1701969299.3976283 -1.72000 -0.00001 0 -15.000 -16.6536905 23.0589546
1701969299.3976283 -1.72000 -0.00001 1 -15.000 -16.6536905 23.0589546
1701969299.3976283 -1.72000 -0.00001 2 -15.000 -16.6536905 23.0589546
1701969310.0592148 -1.72000 -0.00001 0 -25.000 -16.6536905 23.0589546
1701969310.0592148 -1.72000 -0.00001 0 -25.000 -16.6536905 23.0589546
1701969310.0592148 -1.72000 -0.00001 1 -25.000 -16.6536905 23.0589546
1701969310.0592148 -1.72000 -0.00001 0 -25.000 -16.6536905 23.0589546
1701969310.0592148 -1.72000 -0.00001 1 -25.000 -16.6536905 23.0589546
1701969321.4377658 -1.74000 -0.00001 1 -15.000 -16.6536905 28.1831678
1701969321.4377658 -1.74000 -0.00001 1 -15.000 -16.6536905 28.1831678
1701969321.4377658 -1.74000 -0.00001 0 -15.000 -16.6536905 28.1831678
1701969321.4377658 -1.74000 -0.00001 0 -15.000 -16.6536905 28.1831678
1701969321.4377658 -1.74000 -0.00001 0 -15.000 -16.6536905 28.1831678
1701969331.999116 -1.74000 -0.00001 1 -25.000 -16.6536905 28.1831678
1701969331.999116 -1.74000 -0.00001 1 -25.000 -16.6536905 28.1831678
1701969331.999116 -1.74000 -0.00001 0 -25.000 -16.6536905 28.1831678
1701969331.999116 -1.74000 -0.00001 0 -25.000 -16.6536905 28.1831678
1701969331.999116 -1.74000 -0.00001 0 -25.000 -16.6536905 28.1831678
1701969343.4789495 -1.76000 -0.00001 1 -15.000 -93.5168713 53.804228099999996
1701969343.4789495 -1.76000 -0.00001 0 -15.000 -93.5168713 53.804228099999996
1701969343.4789495 -1.76000 -0.00001 0 -15.000 -93.5168713 53.804228099999996
1701969343.4789495 -1.76000 -0.00001 1 -15.000 -93.5168713 53.804228099999996
1701969343.4789495 -1.76000 -0.00001 0 -15.000 -93.5168713 53.804228099999996
1701969354.052073 -1.76000 -0.00001 1 -25.000 -93.5168713 53.804228099999996
1701969354.052073 -1.76000 -0.00001 0 -25.000 -93.5168713 53.804228099999996
1701969354.052073 -1.76000 -0.00001 3 -25.000 -93.5168713 53.804228099999996
1701969354.052073 -1.76000 -0.00001 0 -25.000 -93.5168713 53.804228099999996
1701969354.052073 -1.76000 -0.00001 0 -25.000 -93.5168713 53.804228099999996
1701969365.4173336 -1.78000 -0.00001 0 -15.000 -83.2684487 23.0589546
1701969365.4173336 -1.78000 -0.00001 1 -15.000 -83.2684487 23.0589546
1701969365.4173336 -1.78000 -0.00001 0 -15.000 -83.2684487 23.0589546
1701969365.4173336 -1.78000 -0.00001 1 -15.000 -83.2684487 23.0589546
1701969365.4173336 -1.78000 -0.00001 0 -15.000 -83.2684487 23.0589546
1701969375.977757 -1.78000 -0.00001 2 -25.000 -83.2684487 23.0589546
1701969375.977757 -1.78000 -0.00001 0 -25.000 -83.2684487 23.0589546
1701969375.977757 -1.78000 -0.00001 1 -25.000 -83.2684487 23.0589546
1701969375.977757 -1.78000 -0.00001 1 -25.000 -83.2684487 23.0589546
1701969375.977757 -1.78000 -0.00001 0 -25.000 -83.2684487 23.0589546
1701969387.458049 -1.80000 -0.00001 2 -15.000 -11.5294773 23.0589556
1701969387.458049 -1.80000 -0.00001 0 -15.000 -11.5294773 23.0589556
1701969387.458049 -1.80000 -0.00001 1 -15.000 -11.5294773 23.0589556
1701969387.458049 -1.80000 -0.00001 0 -15.000 -11.5294773 23.0589556
1701969387.458049 -1.80000 -0.00001 1 -15.000 -11.5294773 23.0589556
1701969398.031854 -1.80000 -0.00001 1 -25.000 -11.5294773 23.0589556
1701969398.031854 -1.80000 -0.00001 0 -25.000 -11.5294773 23.0589556
1701969398.031854 -1.80000 -0.00001 1 -25.000 -11.5294773 23.0589556
1701969398.031854 -1.80000 -0.00001 1 -25.000 -11.5294773 23.0589556
1701969398.031854 -1.80000 -0.00001 1 -25.000 -11.5294773 23.0589556
1701969409.3968968 -1.82000 -0.00001 1 -15.000 -16.6536905 28.1831678
1701969409.3968968 -1.82000 -0.00001 1 -15.000 -16.6536905 28.1831678
1701969409.3968968 -1.82000 -0.00001 1 -15.000 -16.6536905 28.1831678
1701969409.3968968 -1.82000 -0.00001 0 -15.000 -16.6536905 28.1831678
1701969409.3968968 -1.82000 -0.00001 0 -15.000 -16.6536905 28.1831678
1701969420.0718312 -1.82000 -0.00001 3 -25.000 -16.6536905 28.1831678
1701969420.0718312 -1.82000 -0.00001 0 -25.000 -16.6536905 28.1831678
1701969420.0718312 -1.82000 -0.00001 0 -25.000 -16.6536905 28.1831678
1701969420.0718312 -1.82000 -0.00001 1 -25.000 -16.6536905 28.1831678
1701969420.0718312 -1.82000 -0.00001 0 -25.000 -16.6536905 28.1831678
1701969431.3367627 -1.84000 -0.00001 1 -15.000 -16.6536905 23.0589546
1701969431.3367627 -1.84000 -0.00001 0 -15.000 -16.6536905 23.0589546
1701969431.3367627 -1.84000 -0.00001 0 -15.000 -16.6536905 23.0589546
1701969431.3367627 -1.84000 -0.00001 0 -15.000 -16.6536905 23.0589546
1701969431.3367627 -1.84000 -0.00001 0 -15.000 -16.6536905 23.0589546
1701969441.998835 -1.84000 -0.00001 0 -25.000 -16.6536905 23.0589546
1701969441.998835 -1.84000 -0.00001 0 -25.000 -16.6536905 23.0589546
1701969441.998835 -1.84000 -0.00001 0 -25.000 -16.6536905 23.0589546
1701969441.998835 -1.84000 -0.00001 0 -25.000 -16.6536905 23.0589546
1701969441.998835 -1.84000 -0.00001 1 -25.000 -16.6536905 23.0589546
1701969453.3772068 -1.86000 -0.00001 0 -15.000 -16.6536905 17.934742399999998
1701969453.3772068 -1.86000 -0.00001 1 -15.000 -16.6536905 17.934742399999998
1701969453.3772068 -1.86000 -0.00001 2 -15.000 -16.6536905 17.934742399999998
1701969453.3772068 -1.86000 -0.00001 2 -15.000 -16.6536905 17.934742399999998
1701969453.3772068 -1.86000 -0.00001 1 -15.000 -16.6536905 17.934742399999998
1701969464.0590634 -1.86000 -0.00001 1 -25.000 -16.6536905 17.934742399999998
1701969464.0590634 -1.86000 -0.00001 1 -25.000 -16.6536905 17.934742399999998
1701969464.0590634 -1.86000 -0.00001 2 -25.000 -16.6536905 17.934742399999998
1701969464.0590634 -1.86000 -0.00001 0 -25.000 -16.6536905 17.934742399999998
1701969464.0590634 -1.86000 -0.00001 1 -25.000 -16.6536905 17.934742399999998
1701969475.3171375 -1.88000 -0.00001 1 -15.000 -16.6536905 28.1831678
1701969475.3171375 -1.88000 -0.00001 1 -15.000 -16.6536905 28.1831678
1701969475.3171375 -1.88000 -0.00001 1 -15.000 -16.6536905 28.1831678
1701969475.3171375 -1.88000 -0.00001 0 -15.000 -16.6536905 28.1831678
1701969475.3171375 -1.88000 -0.00001 1 -15.000 -16.6536905 28.1831678
1701969485.9788988 -1.88000 -0.00001 1 -25.000 -16.6536905 28.1831678
1701969485.9788988 -1.88000 -0.00001 0 -25.000 -16.6536905 28.1831678
1701969485.9788988 -1.88000 -0.00001 0 -25.000 -16.6536905 28.1831678
1701969485.9788988 -1.88000 -0.00001 1 -25.000 -16.6536905 28.1831678
1701969485.9788988 -1.88000 -0.00001 0 -25.000 -16.6536905 28.1831678
1701969497.3568485 -1.90000 -0.00001 1 -15.000 -16.6536905 28.1831678
1701969497.3568485 -1.90000 -0.00001 0 -15.000 -16.6536905 28.1831678
1701969497.3568485 -1.90000 -0.00001 0 -15.000 -16.6536905 28.1831678
1701969497.3568485 -1.90000 -0.00001 0 -15.000 -16.6536905 28.1831678
1701969497.3568485 -1.90000 -0.00001 0 -15.000 -16.6536905 28.1831678
1701969508.0315738 -1.90000 -0.00001 1 -25.000 -16.6536905 28.1831678
1701969508.0315738 -1.90000 -0.00001 1 -25.000 -16.6536905 28.1831678
1701969508.0315738 -1.90000 -0.00001 0 -25.000 -16.6536905 28.1831678
1701969508.0315738 -1.90000 -0.00001 0 -25.000 -16.6536905 28.1831678
1701969508.0315738 -1.90000 -0.00001 0 -25.000 -16.6536905 28.1831678
1701969519.396981 -1.92000 -0.00001 0 -15.000 -16.6536905 23.0589556
1701969519.396981 -1.92000 -0.00001 1 -15.000 -16.6536905 23.0589556
1701969519.396981 -1.92000 -0.00001 2 -15.000 -16.6536905 23.0589556
1701969519.396981 -1.92000 -0.00001 1 -15.000 -16.6536905 23.0589556
1701969519.396981 -1.92000 -0.00001 1 -15.000 -16.6536905 23.0589556
1701969530.0593061 -1.92000 -0.00001 0 -25.000 -16.6536905 23.0589556
1701969530.0593061 -1.92000 -0.00001 1 -25.000 -16.6536905 23.0589556
1701969530.0593061 -1.92000 -0.00001 2 -25.000 -16.6536905 23.0589556
1701969530.0593061 -1.92000 -0.00001 2 -25.000 -16.6536905 23.0589556
1701969530.0593061 -1.92000 -0.00001 0 -25.000 -16.6536905 23.0589556
1701969541.4366364 -1.94000 -0.00001 1 -15.000 -16.6536905 33.3073791
1701969541.4366364 -1.94000 -0.00001 0 -15.000 -16.6536905 33.3073791
1701969541.4366364 -1.94000 -0.00001 1 -15.000 -16.6536905 33.3073791
1701969541.4366364 -1.94000 -0.00001 0 -15.000 -16.6536905 33.3073791
1701969541.4366364 -1.94000 -0.00001 1 -15.000 -16.6536905 33.3073791
1701969551.9977596 -1.94000 -0.00001 0 -25.000 -16.6536905 33.3073791
1701969551.9977596 -1.94000 -0.00001 1 -25.000 -16.6536905 33.3073791
1701969551.9977596 -1.94000 -0.00001 1 -25.000 -16.6536905 33.3073791
1701969551.9977596 -1.94000 -0.00001 1 -25.000 -16.6536905 33.3073791
1701969551.9977596 -1.94000 -0.00001 1 -25.000 -16.6536905 33.3073791
1701969563.3764367 -1.96000 -0.00001 1 -15.000 -16.6536905 28.1831678
1701969563.3764367 -1.96000 -0.00001 0 -15.000 -16.6536905 28.1831678
1701969563.3764367 -1.96000 -0.00001 1 -15.000 -16.6536905 28.1831678
1701969563.3764367 -1.96000 -0.00001 0 -15.000 -16.6536905 28.1831678
1701969563.3764367 -1.96000 -0.00001 0 -15.000 -16.6536905 28.1831678
1701969574.0592325 -1.96000 -0.00001 0 -25.000 -16.6536905 28.1831678
1701969574.0592325 -1.96000 -0.00001 1 -25.000 -16.6536905 28.1831678
1701969574.0592325 -1.96000 -0.00001 0 -25.000 -16.6536905 28.1831678
1701969574.0592325 -1.96000 -0.00001 1 -25.000 -16.6536905 28.1831678
1701969574.0592325 -1.96000 -0.00001 0 -25.000 -16.6536905 28.1831678
1701969585.4169626 -1.98000 -0.00001 0 -15.000 -21.7779018 28.1831678
1701969585.4169626 -1.98000 -0.00001 1 -15.000 -21.7779018 28.1831678
1701969585.4169626 -1.98000 -0.00001 2 -15.000 -21.7779018 28.1831678
1701969585.4169626 -1.98000 -0.00001 1 -15.000 -21.7779018 28.1831678
1701969585.4169626 -1.98000 -0.00001 0 -15.000 -21.7779018 28.1831678
1701969595.9786193 -1.98000 -0.00001 0 -25.000 -21.7779018 28.1831678
1701969595.9786193 -1.98000 -0.00001 0 -25.000 -21.7779018 28.1831678
1701969595.9786193 -1.98000 -0.00001 0 -25.000 -21.7779018 28.1831678
1701969595.9786193 -1.98000 -0.00001 0 -25.000 -21.7779018 28.1831678
1701969595.9786193 -1.98000 -0.00001 2 -25.000 -21.7779018 28.1831678
1701969607.3558493 -2.00000 -0.00001 1 -15.000 -93.5168713 28.1831678
1701969607.3558493 -2.00000 -0.00001 1 -15.000 -93.5168713 28.1831678
1701969607.3558493 -2.00000 -0.00001 1 -15.000 -93.5168713 28.1831678
1701969607.3558493 -2.00000 -0.00001 1 -15.000 -93.5168713 28.1831678
1701969607.3558493 -2.00000 -0.00001 2 -15.000 -93.5168713 28.1831678
1701969618.0296338 -2.00000 -0.00001 0 -25.000 -93.5168713 28.1831678
1701969618.0296338 -2.00000 -0.00001 1 -25.000 -93.5168713 28.1831678
1701969618.0296338 -2.00000 -0.00001 0 -25.000 -93.5168713 28.1831678
1701969618.0296338 -2.00000 -0.00001 0 -25.000 -93.5168713 28.1831678
1701969618.0296338 -2.00000 -0.00001 1 -25.000 -93.5168713 28.1831678
1701969629.396818 -2.02000 -0.00001 0 -15.000 -16.6536905 28.1831678
1701969629.396818 -2.02000 -0.00001 1 -15.000 -16.6536905 28.1831678
1701969629.396818 -2.02000 -0.00001 0 -15.000 -16.6536905 28.1831678
1701969629.396818 -2.02000 -0.00001 3 -15.000 -16.6536905 28.1831678
1701969629.396818 -2.02000 -0.00001 3 -15.000 -16.6536905 28.1831678
1701969640.075672 -2.02000 -0.00001 0 -25.000 -16.6536905 28.1831678
1701969640.075672 -2.02000 -0.00001 2 -25.000 -16.6536905 28.1831678
1701969640.075672 -2.02000 -0.00001 1 -25.000 -16.6536905 28.1831678
1701969640.075672 -2.02000 -0.00001 0 -25.000 -16.6536905 28.1831678
1701969640.075672 -2.02000 -0.00001 1 -25.000 -16.6536905 28.1831678
1701969651.4367647 -2.04000 -0.00001 0 -15.000 -88.39265999999999 17.934742399999998
1701969651.4367647 -2.04000 -0.00001 1 -15.000 -88.39265999999999 17.934742399999998
1701969651.4367647 -2.04000 -0.00001 2 -15.000 -88.39265999999999 17.934742399999998
1701969651.4367647 -2.04000 -0.00001 0 -15.000 -88.39265999999999 17.934742399999998
1701969651.4367647 -2.04000 -0.00001 2 -15.000 -88.39265999999999 17.934742399999998
1701969661.9967775 -2.04000 -0.00001 1 -25.000 -88.39265999999999 17.934742399999998
1701969661.9967775 -2.04000 -0.00001 2 -25.000 -88.39265999999999 17.934742399999998
1701969661.9967775 -2.04000 -0.00001 0 -25.000 -88.39265999999999 17.934742399999998
1701969661.9967775 -2.04000 -0.00001 1 -25.000 -88.39265999999999 17.934742399999998
1701969661.9967775 -2.04000 -0.00001 0 -25.000 -88.39265999999999 17.934742399999998
1701969673.3747773 -2.06000 -0.00001 1 -15.000 -16.6536905 94.797926
1701969673.3747773 -2.06000 -0.00001 3 -15.000 -16.6536905 94.797926
1701969673.3747773 -2.06000 -0.00001 3 -15.000 -16.6536905 94.797926
1701969673.3747773 -2.06000 -0.00001 0 -15.000 -16.6536905 94.797926
1701969673.3747773 -2.06000 -0.00001 1 -15.000 -16.6536905 94.797926
1701969684.0495942 -2.06000 -0.00001 2 -25.000 -16.6536905 94.797926
1701969684.0495942 -2.06000 -0.00001 2 -25.000 -16.6536905 94.797926
1701969684.0495942 -2.06000 -0.00001 1 -25.000 -16.6536905 94.797926
1701969684.0495942 -2.06000 -0.00001 1 -25.000 -16.6536905 94.797926
1701969684.0495942 -2.06000 -0.00001 0 -25.000 -16.6536905 94.797926
1701969695.4144611 -2.08000 -0.00001 2 -15.000 -16.6536905 23.0589546
1701969695.4144611 -2.08000 -0.00001 0 -15.000 -16.6536905 23.0589546
1701969695.4144611 -2.08000 -0.00001 1 -15.000 -16.6536905 23.0589546
1701969695.4144611 -2.08000 -0.00001 1 -15.000 -16.6536905 23.0589546
1701969695.4144611 -2.08000 -0.00001 1 -15.000 -16.6536905 23.0589546
1701969705.975611 -2.08000 -0.00001 1 -25.000 -16.6536905 23.0589546
1701969705.975611 -2.08000 -0.00001 0 -25.000 -16.6536905 23.0589546
1701969705.975611 -2.08000 -0.00001 2 -25.000 -16.6536905 23.0589546
1701969705.975611 -2.08000 -0.00001 1 -25.000 -16.6536905 23.0589546
1701969705.975611 -2.08000 -0.00001 1 -25.000 -16.6536905 23.0589546
1701969717.3545103 -2.10000 -0.00001 2 -15.000 -11.5294773 23.0589546
1701969717.3545103 -2.10000 -0.00001 1 -15.000 -11.5294773 23.0589546
1701969717.3545103 -2.10000 -0.00001 1 -15.000 -11.5294773 23.0589546
1701969717.3545103 -2.10000 -0.00001 1 -15.000 -11.5294773 23.0589546
1701969717.3545103 -2.10000 -0.00001 0 -15.000 -11.5294773 23.0589546
1701969728.0165641 -2.10000 -0.00001 0 -25.000 -11.5294773 23.0589546
1701969728.0165641 -2.10000 -0.00001 4 -25.000 -11.5294773 23.0589546
1701969728.0165641 -2.10000 -0.00001 1 -25.000 -11.5294773 23.0589546
1701969728.0165641 -2.10000 -0.00001 1 -25.000 -11.5294773 23.0589546
1701969728.0165641 -2.10000 -0.00001 3 -25.000 -11.5294773 23.0589546
1701969739.3992128 -2.12000 -0.00001 3 -15.000 -16.6536905 23.0589546
1701969739.3992128 -2.12000 -0.00001 0 -15.000 -16.6536905 23.0589546
1701969739.3992128 -2.12000 -0.00001 1 -15.000 -16.6536905 23.0589546
1701969739.3992128 -2.12000 -0.00001 1 -15.000 -16.6536905 23.0589546
1701969739.3992128 -2.12000 -0.00001 1 -15.000 -16.6536905 23.0589546
1701969750.0701978 -2.12000 -0.00001 3 -25.000 -16.6536905 23.0589546
1701969750.0701978 -2.12000 -0.00001 2 -25.000 -16.6536905 23.0589546
1701969750.0701978 -2.12000 -0.00001 1 -25.000 -16.6536905 23.0589546
1701969750.0701978 -2.12000 -0.00001 1 -25.000 -16.6536905 23.0589546
1701969750.0701978 -2.12000 -0.00001 0 -25.000 -16.6536905 23.0589546
1701969761.3417482 -2.14000 -0.00001 2 -15.000 -11.5294773 151.164267
1701969761.3417482 -2.14000 -0.00001 2 -15.000 -11.5294773 151.164267
1701969761.3417482 -2.14000 -0.00001 1 -15.000 -11.5294773 151.164267
1701969761.3417482 -2.14000 -0.00001 1 -15.000 -11.5294773 151.164267
1701969761.3417482 -2.14000 -0.00001 3 -15.000 -11.5294773 151.164267
1701969772.007435 -2.14000 -0.00001 4 -25.000 -11.5294773 151.164267
1701969772.007435 -2.14000 -0.00001 0 -25.000 -11.5294773 151.164267
1701969772.007435 -2.14000 -0.00001 1 -25.000 -11.5294773 151.164267
1701969772.007435 -2.14000 -0.00001 1 -25.000 -11.5294773 151.164267
1701969772.007435 -2.14000 -0.00001 2 -25.000 -11.5294773 151.164267
1701969783.3749309 -2.16000 -0.00001 4 -15.000 -62.7716035 94.797926
1701969783.3749309 -2.16000 -0.00001 3 -15.000 -62.7716035 94.797926
1701969783.3749309 -2.16000 -0.00001 1 -15.000 -62.7716035 94.797926
1701969783.3749309 -2.16000 -0.00001 1 -15.000 -62.7716035 94.797926
1701969783.3749309 -2.16000 -0.00001 3 -15.000 -62.7716035 94.797926
1701969794.0498075 -2.16000 -0.00001 2 -25.000 -62.7716035 94.797926
1701969794.0498075 -2.16000 -0.00001 1 -25.000 -62.7716035 94.797926
1701969794.0498075 -2.16000 -0.00001 1 -25.000 -62.7716035 94.797926
1701969794.0498075 -2.16000 -0.00001 1 -25.000 -62.7716035 94.797926
1701969794.0498075 -2.16000 -0.00001 0 -25.000 -62.7716035 94.797926
1701969805.4150984 -2.18000 -0.00001 1 -15.000 -21.7779018 28.1831678
1701969805.4150984 -2.18000 -0.00001 3 -15.000 -21.7779018 28.1831678
1701969805.4150984 -2.18000 -0.00001 4 -15.000 -21.7779018 28.1831678
1701969805.4150984 -2.18000 -0.00001 3 -15.000 -21.7779018 28.1831678
1701969805.4150984 -2.18000 -0.00001 3 -15.000 -21.7779018 28.1831678
1701969815.9757645 -2.18000 -0.00001 4 -25.000 -21.7779018 28.1831678
1701969815.9757645 -2.18000 -0.00001 6 -25.000 -21.7779018 28.1831678
1701969815.9757645 -2.18000 -0.00001 2 -25.000 -21.7779018 28.1831678
1701969815.9757645 -2.18000 -0.00001 3 -25.000 -21.7779018 28.1831678
1701969815.9757645 -2.18000 -0.00001 4 -25.000 -21.7779018 28.1831678
1701969827.354686 -2.20000 -0.00001 4 -15.000 -16.6536905 89.67371659999999
1701969827.354686 -2.20000 -0.00001 6 -15.000 -16.6536905 89.67371659999999
1701969827.354686 -2.20000 -0.00001 5 -15.000 -16.6536905 89.67371659999999
1701969827.354686 -2.20000 -0.00001 2 -15.000 -16.6536905 89.67371659999999
1701969827.354686 -2.20000 -0.00001 2 -15.000 -16.6536905 89.67371659999999
1701969838.0286016 -2.20000 -0.00001 1 -25.000 -16.6536905 89.67371659999999
1701969838.0286016 -2.20000 -0.00001 5 -25.000 -16.6536905 89.67371659999999
1701969838.0286016 -2.20000 -0.00001 2 -25.000 -16.6536905 89.67371659999999
1701969838.0286016 -2.20000 -0.00001 6 -25.000 -16.6536905 89.67371659999999
1701969838.0286016 -2.20000 -0.00001 2 -25.000 -16.6536905 89.67371659999999
1701969849.2936466 -2.22000 -0.00001 5 -15.000 -129.386365 58.9284413
1701969849.2936466 -2.22000 -0.00001 9 -15.000 -129.386365 58.9284413
1701969849.2936466 -2.22000 -0.00001 4 -15.000 -129.386365 58.9284413
1701969849.2936466 -2.22000 -0.00001 6 -15.000 -129.386365 58.9284413
1701969849.2936466 -2.22000 -0.00001 3 -15.000 -129.386365 58.9284413
1701969860.0828001 -2.22000 -0.00001 4 -25.000 -129.386365 58.9284413
1701969860.0828001 -2.22000 -0.00001 3 -25.000 -129.386365 58.9284413
1701969860.0828001 -2.22000 -0.00001 5 -25.000 -129.386365 58.9284413
1701969860.0828001 -2.22000 -0.00001 2 -25.000 -129.386365 58.9284413
1701969860.0828001 -2.22000 -0.00001 3 -25.000 -129.386365 58.9284413
1701969871.334433 -2.24000 -0.00001 7 -15.000 -78.1442374 156.288477
1701969871.334433 -2.24000 -0.00001 9 -15.000 -78.1442374 156.288477
1701969871.334433 -2.24000 -0.00001 4 -15.000 -78.1442374 156.288477
1701969871.334433 -2.24000 -0.00001 5 -15.000 -78.1442374 156.288477
1701969871.334433 -2.24000 -0.00001 6 -15.000 -78.1442374 156.288477
1701969881.9963303 -2.24000 -0.00001 4 -25.000 -78.1442374 156.288477
1701969881.9963303 -2.24000 -0.00001 7 -25.000 -78.1442374 156.288477
1701969881.9963303 -2.24000 -0.00001 7 -25.000 -78.1442374 156.288477
1701969881.9963303 -2.24000 -0.00001 7 -25.000 -78.1442374 156.288477
1701969881.9963303 -2.24000 -0.00001 5 -25.000 -78.1442374 156.288477
1701969893.376341 -2.26000 -0.00001 5 -15.000 -108.889513 166.536901
1701969893.376341 -2.26000 -0.00001 7 -15.000 -108.889513 166.536901
1701969893.376341 -2.26000 -0.00001 7 -15.000 -108.889513 166.536901
1701969893.376341 -2.26000 -0.00001 6 -15.000 -108.889513 166.536901
1701969893.376341 -2.26000 -0.00001 10 -15.000 -108.889513 166.536901
1701969904.0496025 -2.26000 -0.00001 10 -25.000 -108.889513 166.536901
1701969904.0496025 -2.26000 -0.00001 7 -25.000 -108.889513 166.536901
1701969904.0496025 -2.26000 -0.00001 7 -25.000 -108.889513 166.536901
1701969904.0496025 -2.26000 -0.00001 7 -25.000 -108.889513 166.536901
1701969904.0496025 -2.26000 -0.00001 6 -25.000 -108.889513 166.536901
1701969915.3158114 -2.28000 -0.00001 9 -15.000 -144.758999 171.661112
1701969915.3158114 -2.28000 -0.00001 3 -15.000 -144.758999 171.661112
1701969915.3158114 -2.28000 -0.00001 13 -15.000 -144.758999 171.661112
1701969915.3158114 -2.28000 -0.00001 10 -15.000 -144.758999 171.661112
1701969915.3158114 -2.28000 -0.00001 6 -15.000 -144.758999 171.661112
1701969925.9753172 -2.28000 -0.00001 7 -25.000 -144.758999 171.661112
1701969925.9753172 -2.28000 -0.00001 15 -25.000 -144.758999 171.661112
1701969925.9753172 -2.28000 -0.00001 8 -25.000 -144.758999 171.661112
1701969925.9753172 -2.28000 -0.00001 7 -25.000 -144.758999 171.661112
1701969925.9753172 -2.28000 -0.00001 7 -25.000 -144.758999 171.661112
1701969937.2611167 -2.30000 -0.00001 10 -15.000 -139.63478800000001 94.79792789999999
1701969937.2611167 -2.30000 -0.00001 22 -15.000 -139.63478800000001 94.79792789999999
1701969937.2611167 -2.30000 -0.00001 16 -15.000 -139.63478800000001 94.79792789999999
1701969937.2611167 -2.30000 -0.00001 16 -15.000 -139.63478800000001 94.79792789999999
1701969937.2611167 -2.30000 -0.00001 10 -15.000 -139.63478800000001 94.79792789999999
1701969948.0299578 -2.30000 -0.00001 15 -25.000 -139.63478800000001 94.79792789999999
1701969948.0299578 -2.30000 -0.00001 12 -25.000 -139.63478800000001 94.79792789999999
1701969948.0299578 -2.30000 -0.00001 10 -25.000 -139.63478800000001 94.79792789999999
1701969948.0299578 -2.30000 -0.00001 16 -25.000 -139.63478800000001 94.79792789999999
1701969948.0299578 -2.30000 -0.00001 11 -25.000 -139.63478800000001 94.79792789999999
1701969959.2948728 -2.32000 -0.00001 24 -15.000 -119.137935 181.909537
1701969959.2948728 -2.32000 -0.00001 15 -15.000 -119.137935 181.909537
1701969959.2948728 -2.32000 -0.00001 21 -15.000 -119.137935 181.909537
1701969959.2948728 -2.32000 -0.00001 22 -15.000 -119.137935 181.909537
1701969959.2948728 -2.32000 -0.00001 17 -15.000 -119.137935 181.909537
1701969970.059511 -2.32000 -0.00001 15 -25.000 -119.137935 181.909537
1701969970.059511 -2.32000 -0.00001 11 -25.000 -119.137935 181.909537
1701969970.059511 -2.32000 -0.00001 20 -25.000 -119.137935 181.909537
1701969970.059511 -2.32000 -0.00001 18 -25.000 -119.137935 181.909537
1701969970.059511 -2.32000 -0.00001 25 -25.000 -119.137935 181.909537
1701969981.2395883 -2.34000 -0.00001 25 -15.000 -155.00742200000002 99.92213919999999
1701969981.2395883 -2.34000 -0.00001 22 -15.000 -155.00742200000002 99.92213919999999
1701969981.2395883 -2.34000 -0.00001 18 -15.000 -155.00742200000002 99.92213919999999
1701969981.2395883 -2.34000 -0.00001 21 -15.000 -155.00742200000002 99.92213919999999
1701969981.2395883 -2.34000 -0.00001 28 -15.000 -155.00742200000002 99.92213919999999
1701969992.010749 -2.34000 -0.00001 19 -25.000 -155.00742200000002 99.92213919999999
1701969992.010749 -2.34000 -0.00001 30 -25.000 -155.00742200000002 99.92213919999999
1701969992.010749 -2.34000 -0.00001 30 -25.000 -155.00742200000002 99.92213919999999
1701969992.010749 -2.34000 -0.00001 37 -25.000 -155.00742200000002 99.92213919999999
1701969992.010749 -2.34000 -0.00001 21 -25.000 -155.00742200000002 99.92213919999999
1701970003.2752368 -2.36000 -0.00001 28 -15.000 -160.131633 176.785324
1701970003.2752368 -2.36000 -0.00001 32 -15.000 -160.131633 176.785324
1701970003.2752368 -2.36000 -0.00001 27 -15.000 -160.131633 176.785324
1701970003.2752368 -2.36000 -0.00001 32 -15.000 -160.131633 176.785324
1701970003.2752368 -2.36000 -0.00001 34 -15.000 -160.131633 176.785324
1701970014.051549 -2.36000 -0.00001 29 -25.000 -160.131633 176.785324
1701970014.051549 -2.36000 -0.00001 38 -25.000 -160.131633 176.785324
1701970014.051549 -2.36000 -0.00001 23 -25.000 -160.131633 176.785324
1701970014.051549 -2.36000 -0.00001 42 -25.000 -160.131633 176.785324
1701970014.051549 -2.36000 -0.00001 40 -25.000 -160.131633 176.785324
1701970025.3151934 -2.38000 -0.00001 49 -15.000 -155.00742200000002 187.033746
1701970025.3151934 -2.38000 -0.00001 47 -15.000 -155.00742200000002 187.033746
1701970025.3151934 -2.38000 -0.00001 40 -15.000 -155.00742200000002 187.033746
1701970025.3151934 -2.38000 -0.00001 45 -15.000 -155.00742200000002 187.033746
1701970025.3151934 -2.38000 -0.00001 39 -15.000 -155.00742200000002 187.033746
1701970035.9770699 -2.38000 -0.00001 36 -25.000 -155.00742200000002 187.033746
1701970035.9770699 -2.38000 -0.00001 50 -25.000 -155.00742200000002 187.033746
1701970035.9770699 -2.38000 -0.00001 32 -25.000 -155.00742200000002 187.033746
1701970035.9770699 -2.38000 -0.00001 45 -25.000 -155.00742200000002 187.033746
1701970035.9770699 -2.38000 -0.00001 32 -25.000 -155.00742200000002 187.033746
1701970047.255093 -2.40000 -0.00001 47 -15.000 -160.131633 192.15796
1701970047.255093 -2.40000 -0.00001 55 -15.000 -160.131633 192.15796
1701970047.255093 -2.40000 -0.00001 48 -15.000 -160.131633 192.15796
1701970047.255093 -2.40000 -0.00001 53 -15.000 -160.131633 192.15796
1701970047.255093 -2.40000 -0.00001 45 -15.000 -160.131633 192.15796
1701970058.0303924 -2.40000 -0.00001 48 -25.000 -160.131633 192.15796
1701970058.0303924 -2.40000 -0.00001 56 -25.000 -160.131633 192.15796
1701970058.0303924 -2.40000 -0.00001 46 -25.000 -160.131633 192.15796
1701970058.0303924 -2.40000 -0.00001 48 -25.000 -160.131633 192.15796
1701970058.0303924 -2.40000 -0.00001 52 -25.000 -160.131633 192.15796
1701970069.2958407 -2.42000 -0.00001 56 -15.000 -160.131633 192.15796
1701970069.2958407 -2.42000 -0.00001 60 -15.000 -160.131633 192.15796
1701970069.2958407 -2.42000 -0.00001 62 -15.000 -160.131633 192.15796
1701970069.2958407 -2.42000 -0.00001 63 -15.000 -160.131633 192.15796
1701970069.2958407 -2.42000 -0.00001 61 -15.000 -160.131633 192.15796
1701970080.0851696 -2.42000 -0.00001 69 -25.000 -160.131633 192.15796
1701970080.0851696 -2.42000 -0.00001 75 -25.000 -160.131633 192.15796
1701970080.0851696 -2.42000 -0.00001 71 -25.000 -160.131633 192.15796
1701970080.0851696 -2.42000 -0.00001 62 -25.000 -160.131633 192.15796
1701970080.0851696 -2.42000 -0.00001 56 -25.000 -160.131633 192.15796
1701970091.335802 -2.44000 -0.00001 69 -15.000 -170.380056 197.282171
1701970091.335802 -2.44000 -0.00001 67 -15.000 -170.380056 197.282171
1701970091.335802 -2.44000 -0.00001 78 -15.000 -170.380056 197.282171
1701970091.335802 -2.44000 -0.00001 67 -15.000 -170.380056 197.282171
1701970091.335802 -2.44000 -0.00001 88 -15.000 -170.380056 197.282171
1701970101.997833 -2.44000 -0.00001 67 -25.000 -170.380056 197.282171
1701970101.997833 -2.44000 -0.00001 68 -25.000 -170.380056 197.282171
1701970101.997833 -2.44000 -0.00001 67 -25.000 -170.380056 197.282171
1701970101.997833 -2.44000 -0.00001 73 -25.000 -170.380056 197.282171
1701970101.997833 -2.44000 -0.00001 61 -25.000 -170.380056 197.282171
1701970113.376004 -2.46000 -0.00001 86 -15.000 -170.380056 197.282171
1701970113.376004 -2.46000 -0.00001 82 -15.000 -170.380056 197.282171
1701970113.376004 -2.46000 -0.00001 89 -15.000 -170.380056 197.282171
1701970113.376004 -2.46000 -0.00001 91 -15.000 -170.380056 197.282171
1701970113.376004 -2.46000 -0.00001 95 -15.000 -170.380056 197.282171
1701970124.050869 -2.46000 -0.00001 77 -25.000 -170.380056 197.282171
1701970124.050869 -2.46000 -0.00001 82 -25.000 -170.380056 197.282171
1701970124.050869 -2.46000 -0.00001 87 -25.000 -170.380056 197.282171
1701970124.050869 -2.46000 -0.00001 78 -25.000 -170.380056 197.282171
1701970124.050869 -2.46000 -0.00001 94 -25.000 -170.380056 197.282171
1701970135.315597 -2.48000 -0.00001 118 -15.000 -170.380056 197.282171
1701970135.315597 -2.48000 -0.00001 112 -15.000 -170.380056 197.282171
1701970135.315597 -2.48000 -0.00001 101 -15.000 -170.380056 197.282171
1701970135.315597 -2.48000 -0.00001 111 -15.000 -170.380056 197.282171
1701970135.315597 -2.48000 -0.00001 109 -15.000 -170.380056 197.282171
1701970145.9774547 -2.48000 -0.00001 109 -25.000 -170.380056 197.282171
1701970145.9774547 -2.48000 -0.00001 126 -25.000 -170.380056 197.282171
1701970145.9774547 -2.48000 -0.00001 111 -25.000 -170.380056 197.282171
1701970145.9774547 -2.48000 -0.00001 95 -25.000 -170.380056 197.282171
1701970145.9774547 -2.48000 -0.00001 99 -25.000 -170.380056 197.282171
1701970157.3565817 -2.50000 -0.00001 127 -15.000 -170.380056 202.406382
1701970157.3565817 -2.50000 -0.00001 140 -15.000 -170.380056 202.406382
1701970157.3565817 -2.50000 -0.00001 105 -15.000 -170.380056 202.406382
1701970157.3565817 -2.50000 -0.00001 137 -15.000 -170.380056 202.406382
1701970157.3565817 -2.50000 -0.00001 130 -15.000 -170.380056 202.406382
1701970168.031858 -2.50000 -0.00001 129 -25.000 -170.380056 202.406382
1701970168.031858 -2.50000 -0.00001 111 -25.000 -170.380056 202.406382
1701970168.031858 -2.50000 -0.00001 112 -25.000 -170.380056 202.406382
1701970168.031858 -2.50000 -0.00001 121 -25.000 -170.380056 202.406382
1701970168.031858 -2.50000 -0.00001 135 -25.000 -170.380056 202.406382
1701970179.295609 -2.52000 -0.00001 132 -15.000 -175.504267 207.530595
1701970179.295609 -2.52000 -0.00001 154 -15.000 -175.504267 207.530595
1701970179.295609 -2.52000 -0.00001 135 -15.000 -175.504267 207.530595
1701970179.295609 -2.52000 -0.00001 139 -15.000 -175.504267 207.530595
1701970179.295609 -2.52000 -0.00001 145 -15.000 -175.504267 207.530595
1701970190.0698805 -2.52000 -0.00001 144 -25.000 -175.504267 207.530595
1701970190.0698805 -2.52000 -0.00001 143 -25.000 -175.504267 207.530595
1701970190.0698805 -2.52000 -0.00001 138 -25.000 -175.504267 207.530595
1701970190.0698805 -2.52000 -0.00001 141 -25.000 -175.504267 207.530595
1701970190.0698805 -2.52000 -0.00001 152 -25.000 -175.504267 207.530595
1701970201.335376 -2.54000 -0.00001 154 -15.000 -175.504267 202.406382
1701970201.335376 -2.54000 -0.00001 148 -15.000 -175.504267 202.406382
1701970201.335376 -2.54000 -0.00001 155 -15.000 -175.504267 202.406382
1701970201.335376 -2.54000 -0.00001 181 -15.000 -175.504267 202.406382
1701970201.335376 -2.54000 -0.00001 155 -15.000 -175.504267 202.406382
1701970211.9974515 -2.54000 -0.00001 154 -25.000 -175.504267 202.406382
1701970211.9974515 -2.54000 -0.00001 140 -25.000 -175.504267 202.406382
1701970211.9974515 -2.54000 -0.00001 168 -25.000 -175.504267 202.406382
1701970211.9974515 -2.54000 -0.00001 165 -25.000 -175.504267 202.406382
1701970211.9974515 -2.54000 -0.00001 161 -25.000 -175.504267 202.406382
1701970223.2741497 -2.56000 -0.00001 178 -15.000 -175.504267 212.654807
1701970223.2741497 -2.56000 -0.00001 163 -15.000 -175.504267 212.654807
1701970223.2741497 -2.56000 -0.00001 183 -15.000 -175.504267 212.654807
1701970223.2741497 -2.56000 -0.00001 183 -15.000 -175.504267 212.654807
1701970223.2741497 -2.56000 -0.00001 184 -15.000 -175.504267 212.654807
1701970234.050647 -2.56000 -0.00001 191 -25.000 -175.504267 212.654807
1701970234.050647 -2.56000 -0.00001 170 -25.000 -175.504267 212.654807
1701970234.050647 -2.56000 -0.00001 173 -25.000 -175.504267 212.654807
1701970234.050647 -2.56000 -0.00001 176 -25.000 -175.504267 212.654807
1701970234.050647 -2.56000 -0.00001 179 -25.000 -175.504267 212.654807
1701970245.3149674 -2.58000 -0.00001 180 -15.000 -180.628479 217.77901799999998
1701970245.3149674 -2.58000 -0.00001 193 -15.000 -180.628479 217.77901799999998
1701970245.3149674 -2.58000 -0.00001 189 -15.000 -180.628479 217.77901799999998
1701970245.3149674 -2.58000 -0.00001 208 -15.000 -180.628479 217.77901799999998
1701970245.3149674 -2.58000 -0.00001 184 -15.000 -180.628479 217.77901799999998
1701970255.9775114 -2.58000 -0.00001 204 -25.000 -180.628479 217.77901799999998
1701970255.9775114 -2.58000 -0.00001 220 -25.000 -180.628479 217.77901799999998
1701970255.9775114 -2.58000 -0.00001 211 -25.000 -180.628479 217.77901799999998
1701970255.9775114 -2.58000 -0.00001 213 -25.000 -180.628479 217.77901799999998
1701970255.9775114 -2.58000 -0.00001 202 -25.000 -180.628479 217.77901799999998
1701970267.2543995 -2.60000 -0.00001 220 -15.000 -180.628479 212.654807
1701970267.2543995 -2.60000 -0.00001 226 -15.000 -180.628479 212.654807
1701970267.2543995 -2.60000 -0.00001 223 -15.000 -180.628479 212.654807
1701970267.2543995 -2.60000 -0.00001 216 -15.000 -180.628479 212.654807
1701970267.2543995 -2.60000 -0.00001 223 -15.000 -180.628479 212.654807
1701970278.0319495 -2.60000 -0.00001 224 -25.000 -180.628479 212.654807
1701970278.0319495 -2.60000 -0.00001 226 -25.000 -180.628479 212.654807
1701970278.0319495 -2.60000 -0.00001 219 -25.000 -180.628479 212.654807
1701970278.0319495 -2.60000 -0.00001 235 -25.000 -180.628479 212.654807
1701970278.0319495 -2.60000 -0.00001 197 -25.000 -180.628479 212.654807
1701970289.3963308 -2.62000 -0.00001 204 -15.000 -185.75269 217.77901799999998
1701970289.3963308 -2.62000 -0.00001 235 -15.000 -185.75269 217.77901799999998
1701970289.3963308 -2.62000 -0.00001 230 -15.000 -185.75269 217.77901799999998
1701970289.3963308 -2.62000 -0.00001 258 -15.000 -185.75269 217.77901799999998
1701970289.3963308 -2.62000 -0.00001 229 -15.000 -185.75269 217.77901799999998
1701970300.0711262 -2.62000 -0.00001 233 -25.000 -185.75269 217.77901799999998
1701970300.0711262 -2.62000 -0.00001 238 -25.000 -185.75269 217.77901799999998
1701970300.0711262 -2.62000 -0.00001 265 -25.000 -185.75269 217.77901799999998
1701970300.0711262 -2.62000 -0.00001 261 -25.000 -185.75269 217.77901799999998
1701970300.0711262 -2.62000 -0.00001 217 -25.000 -185.75269 217.77901799999998
1701970311.3355026 -2.64000 -0.00001 248 -15.000 -185.75269 217.77901799999998
1701970311.3355026 -2.64000 -0.00001 238 -15.000 -185.75269 217.77901799999998
1701970311.3355026 -2.64000 -0.00001 284 -15.000 -185.75269 217.77901799999998
1701970311.3355026 -2.64000 -0.00001 274 -15.000 -185.75269 217.77901799999998
1701970311.3355026 -2.64000 -0.00001 270 -15.000 -185.75269 217.77901799999998
1701970321.997409 -2.64000 -0.00001 273 -25.000 -185.75269 217.77901799999998
1701970321.997409 -2.64000 -0.00001 240 -25.000 -185.75269 217.77901799999998
1701970321.997409 -2.64000 -0.00001 265 -25.000 -185.75269 217.77901799999998
1701970321.997409 -2.64000 -0.00001 255 -25.000 -185.75269 217.77901799999998
1701970321.997409 -2.64000 -0.00001 265 -25.000 -185.75269 217.77901799999998
1701970333.2823465 -2.66000 -0.00001 308 -15.000 -190.87690099999998 222.903229
1701970333.2823465 -2.66000 -0.00001 287 -15.000 -190.87690099999998 222.903229
1701970333.2823465 -2.66000 -0.00001 303 -15.000 -190.87690099999998 222.903229
1701970333.2823465 -2.66000 -0.00001 278 -15.000 -190.87690099999998 222.903229
1701970333.2823465 -2.66000 -0.00001 297 -15.000 -190.87690099999998 222.903229
1701970344.0501692 -2.66000 -0.00001 272 -25.000 -190.87690099999998 222.903229
1701970344.0501692 -2.66000 -0.00001 287 -25.000 -190.87690099999998 222.903229
1701970344.0501692 -2.66000 -0.00001 258 -25.000 -190.87690099999998 222.903229
1701970344.0501692 -2.66000 -0.00001 289 -25.000 -190.87690099999998 222.903229
1701970344.0501692 -2.66000 -0.00001 286 -25.000 -190.87690099999998 222.903229
1701970355.3272228 -2.68000 -0.00001 293 -15.000 -190.87690099999998 222.903229
1701970355.3272228 -2.68000 -0.00001 292 -15.000 -190.87690099999998 222.903229
1701970355.3272228 -2.68000 -0.00001 318 -15.000 -190.87690099999998 222.903229
1701970355.3272228 -2.68000 -0.00001 315 -15.000 -190.87690099999998 222.903229
1701970355.3272228 -2.68000 -0.00001 309 -15.000 -190.87690099999998 222.903229
1701970365.9775035 -2.68000 -0.00001 322 -25.000 -190.87690099999998 222.903229
1701970365.9775035 -2.68000 -0.00001 301 -25.000 -190.87690099999998 222.903229
1701970365.9775035 -2.68000 -0.00001 302 -25.000 -190.87690099999998 222.903229
1701970365.9775035 -2.68000 -0.00001 313 -25.000 -190.87690099999998 222.903229
1701970365.9775035 -2.68000 -0.00001 341 -25.000 -190.87690099999998 222.903229
1701970377.2557168 -2.70000 -0.00001 351 -15.000 -190.87690099999998 222.903229
1701970377.2557168 -2.70000 -0.00001 343 -15.000 -190.87690099999998 222.903229
1701970377.2557168 -2.70000 -0.00001 324 -15.000 -190.87690099999998 222.903229
1701970377.2557168 -2.70000 -0.00001 351 -15.000 -190.87690099999998 222.903229
1701970377.2557168 -2.70000 -0.00001 354 -15.000 -190.87690099999998 222.903229
1701970388.0192187 -2.70000 -0.00001 342 -25.000 -190.87690099999998 222.903229
1701970388.0192187 -2.70000 -0.00001 333 -25.000 -190.87690099999998 222.903229
1701970388.0192187 -2.70000 -0.00001 330 -25.000 -190.87690099999998 222.903229
1701970388.0192187 -2.70000 -0.00001 327 -25.000 -190.87690099999998 222.903229
1701970388.0192187 -2.70000 -0.00001 344 -25.000 -190.87690099999998 222.903229
1701970399.2957711 -2.72000 -0.00001 387 -15.000 -196.001112 233.15165199999998
1701970399.2957711 -2.72000 -0.00001 393 -15.000 -196.001112 233.15165199999998
1701970399.2957711 -2.72000 -0.00001 352 -15.000 -196.001112 233.15165199999998
1701970399.2957711 -2.72000 -0.00001 374 -15.000 -196.001112 233.15165199999998
1701970399.2957711 -2.72000 -0.00001 363 -15.000 -196.001112 233.15165199999998
1701970410.080998 -2.72000 -0.00001 389 -25.000 -196.001112 233.15165199999998
1701970410.080998 -2.72000 -0.00001 385 -25.000 -196.001112 233.15165199999998
1701970410.080998 -2.72000 -0.00001 377 -25.000 -196.001112 233.15165199999998
1701970410.080998 -2.72000 -0.00001 355 -25.000 -196.001112 233.15165199999998
1701970410.080998 -2.72000 -0.00001 376 -25.000 -196.001112 233.15165199999998
1701970421.3367782 -2.74000 -0.00001 452 -15.000 -196.001112 233.15165199999998
1701970421.3367782 -2.74000 -0.00001 400 -15.000 -196.001112 233.15165199999998
1701970421.3367782 -2.74000 -0.00001 443 -15.000 -196.001112 233.15165199999998
1701970421.3367782 -2.74000 -0.00001 423 -15.000 -196.001112 233.15165199999998
1701970421.3367782 -2.74000 -0.00001 413 -15.000 -196.001112 233.15165199999998
1701970432.0000517 -2.74000 -0.00001 398 -25.000 -196.001112 233.15165199999998
1701970432.0000517 -2.74000 -0.00001 412 -25.000 -196.001112 233.15165199999998
1701970432.0000517 -2.74000 -0.00001 409 -25.000 -196.001112 233.15165199999998
1701970432.0000517 -2.74000 -0.00001 424 -25.000 -196.001112 233.15165199999998
1701970432.0000517 -2.74000 -0.00001 409 -25.000 -196.001112 233.15165199999998
1701970443.2759218 -2.76000 -0.00001 428 -15.000 -201.125324 233.15165199999998
1701970443.2759218 -2.76000 -0.00001 436 -15.000 -201.125324 233.15165199999998
1701970443.2759218 -2.76000 -0.00001 448 -15.000 -201.125324 233.15165199999998
1701970443.2759218 -2.76000 -0.00001 423 -15.000 -201.125324 233.15165199999998
1701970443.2759218 -2.76000 -0.00001 454 -15.000 -201.125324 233.15165199999998
1701970454.0643375 -2.76000 -0.00001 418 -25.000 -201.125324 233.15165199999998
1701970454.0643375 -2.76000 -0.00001 455 -25.000 -201.125324 233.15165199999998
1701970454.0643375 -2.76000 -0.00001 474 -25.000 -201.125324 233.15165199999998
1701970454.0643375 -2.76000 -0.00001 462 -25.000 -201.125324 233.15165199999998
1701970454.0643375 -2.76000 -0.00001 505 -25.000 -201.125324 233.15165199999998
1701970465.3171413 -2.78000 -0.00002 477 -15.000 -201.125324 238.27586300000002
1701970465.3171413 -2.78000 -0.00002 504 -15.000 -201.125324 238.27586300000002
1701970465.3171413 -2.78000 -0.00002 482 -15.000 -201.125324 238.27586300000002
1701970465.3171413 -2.78000 -0.00002 470 -15.000 -201.125324 238.27586300000002
1701970465.3171413 -2.78000 -0.00002 482 -15.000 -201.125324 238.27586300000002
1701970475.9799726 -2.78000 -0.00002 493 -25.000 -201.125324 238.27586300000002
1701970475.9799726 -2.78000 -0.00002 459 -25.000 -201.125324 238.27586300000002
1701970475.9799726 -2.78000 -0.00002 481 -25.000 -201.125324 238.27586300000002
1701970475.9799726 -2.78000 -0.00002 479 -25.000 -201.125324 238.27586300000002
1701970475.9799726 -2.78000 -0.00002 487 -25.000 -201.125324 238.27586300000002
1701970487.2576356 -2.80000 -0.00001 501 -15.000 -201.125324 238.27586300000002
1701970487.2576356 -2.80000 -0.00001 535 -15.000 -201.125324 238.27586300000002
1701970487.2576356 -2.80000 -0.00001 554 -15.000 -201.125324 238.27586300000002
1701970487.2576356 -2.80000 -0.00001 536 -15.000 -201.125324 238.27586300000002
1701970487.2576356 -2.80000 -0.00001 550 -15.000 -201.125324 238.27586300000002
1701970498.0329301 -2.80000 -0.00001 517 -25.000 -201.125324 238.27586300000002
1701970498.0329301 -2.80000 -0.00001 524 -25.000 -201.125324 238.27586300000002
1701970498.0329301 -2.80000 -0.00001 521 -25.000 -201.125324 238.27586300000002
1701970498.0329301 -2.80000 -0.00001 524 -25.000 -201.125324 238.27586300000002
1701970498.0329301 -2.80000 -0.00001 537 -25.000 -201.125324 238.27586300000002
1701970509.2972877 -2.82000 -0.00001 611 -15.000 -206.24955 243.40008899999998
1701970509.2972877 -2.82000 -0.00001 597 -15.000 -206.24955 243.40008899999998
1701970509.2972877 -2.82000 -0.00001 597 -15.000 -206.24955 243.40008899999998
1701970509.2972877 -2.82000 -0.00001 590 -15.000 -206.24955 243.40008899999998
1701970509.2972877 -2.82000 -0.00001 641 -15.000 -206.24955 243.40008899999998
1701970520.072979 -2.82000 -0.00001 600 -25.000 -206.24955 243.40008899999998
1701970520.072979 -2.82000 -0.00001 604 -25.000 -206.24955 243.40008899999998
1701970520.072979 -2.82000 -0.00001 592 -25.000 -206.24955 243.40008899999998
1701970520.072979 -2.82000 -0.00001 600 -25.000 -206.24955 243.40008899999998
1701970520.072979 -2.82000 -0.00001 594 -25.000 -206.24955 243.40008899999998
1701970531.3377657 -2.84000 -0.00001 677 -15.000 -206.24955 243.40008899999998
1701970531.3377657 -2.84000 -0.00001 651 -15.000 -206.24955 243.40008899999998
1701970531.3377657 -2.84000 -0.00001 657 -15.000 -206.24955 243.40008899999998
1701970531.3377657 -2.84000 -0.00001 665 -15.000 -206.24955 243.40008899999998
1701970531.3377657 -2.84000 -0.00001 679 -15.000 -206.24955 243.40008899999998
1701970542.0129495 -2.84000 -0.00001 685 -25.000 -206.24955 243.40008899999998
1701970542.0129495 -2.84000 -0.00001 621 -25.000 -206.24955 243.40008899999998
1701970542.0129495 -2.84000 -0.00001 662 -25.000 -206.24955 243.40008899999998
1701970542.0129495 -2.84000 -0.00001 624 -25.000 -206.24955 243.40008899999998
1701970542.0129495 -2.84000 -0.00001 629 -25.000 -206.24955 243.40008899999998
1701970553.2765033 -2.86000 -0.00001 687 -15.000 -211.373761 248.524301
1701970553.2765033 -2.86000 -0.00001 727 -15.000 -211.373761 248.524301
1701970553.2765033 -2.86000 -0.00001 757 -15.000 -211.373761 248.524301
1701970553.2765033 -2.86000 -0.00001 731 -15.000 -211.373761 248.524301
1701970553.2765033 -2.86000 -0.00001 720 -15.000 -211.373761 248.524301
1701970564.046481 -2.86000 -0.00001 730 -25.000 -211.373761 248.524301
1701970564.046481 -2.86000 -0.00001 732 -25.000 -211.373761 248.524301
1701970564.046481 -2.86000 -0.00001 692 -25.000 -211.373761 248.524301
1701970564.046481 -2.86000 -0.00001 717 -25.000 -211.373761 248.524301
1701970564.046481 -2.86000 -0.00001 690 -25.000 -211.373761 248.524301
1701970575.2159796 -2.88000 -0.00002 827 -15.000 -211.373761 248.524301
1701970575.2159796 -2.88000 -0.00002 811 -15.000 -211.373761 248.524301
1701970575.2159796 -2.88000 -0.00002 828 -15.000 -211.373761 248.524301
1701970575.2159796 -2.88000 -0.00002 776 -15.000 -211.373761 248.524301
1701970575.2159796 -2.88000 -0.00002 812 -15.000 -211.373761 248.524301
1701970585.97916 -2.88000 -0.00002 803 -25.000 -211.373761 248.524301
1701970585.97916 -2.88000 -0.00002 760 -25.000 -211.373761 248.524301
1701970585.97916 -2.88000 -0.00002 802 -25.000 -211.373761 248.524301
1701970585.97916 -2.88000 -0.00002 790 -25.000 -211.373761 248.524301
1701970585.97916 -2.88000 -0.00002 841 -25.000 -211.373761 248.524301
1701970597.3566089 -2.90000 -0.00001 866 -15.000 -216.497973 253.64851199999998
1701970597.3566089 -2.90000 -0.00001 835 -15.000 -216.497973 253.64851199999998
1701970597.3566089 -2.90000 -0.00001 887 -15.000 -216.497973 253.64851199999998
1701970597.3566089 -2.90000 -0.00001 849 -15.000 -216.497973 253.64851199999998
1701970597.3566089 -2.90000 -0.00001 908 -15.000 -216.497973 253.64851199999998
1701970608.03052 -2.90000 -0.00001 898 -25.000 -216.497973 253.64851199999998
1701970608.03052 -2.90000 -0.00001 902 -25.000 -216.497973 253.64851199999998
1701970608.03052 -2.90000 -0.00001 934 -25.000 -216.497973 253.64851199999998
1701970608.03052 -2.90000 -0.00001 898 -25.000 -216.497973 253.64851199999998
1701970608.03052 -2.90000 -0.00001 853 -25.000 -216.497973 253.64851199999998
1701970619.196842 -2.92000 -0.00001 972 -15.000 -216.497973 253.64851199999998
1701970619.196842 -2.92000 -0.00001 1017 -15.000 -216.497973 253.64851199999998
1701970619.196842 -2.92000 -0.00001 1015 -15.000 -216.497973 253.64851199999998
1701970619.196842 -2.92000 -0.00001 970 -15.000 -216.497973 253.64851199999998
1701970619.196842 -2.92000 -0.00001 948 -15.000 -216.497973 253.64851199999998
1701970630.0712602 -2.92000 -0.00001 924 -25.000 -216.497973 253.64851199999998
1701970630.0712602 -2.92000 -0.00001 960 -25.000 -216.497973 253.64851199999998
1701970630.0712602 -2.92000 -0.00001 1019 -25.000 -216.497973 253.64851199999998
1701970630.0712602 -2.92000 -0.00001 976 -25.000 -216.497973 253.64851199999998
1701970630.0712602 -2.92000 -0.00001 984 -25.000 -216.497973 253.64851199999998
1701970641.236956 -2.94000 -0.00001 1087 -15.000 -221.622184 253.64851199999998
1701970641.236956 -2.94000 -0.00001 1088 -15.000 -221.622184 253.64851199999998
1701970641.236956 -2.94000 -0.00001 1032 -15.000 -221.622184 253.64851199999998
1701970641.236956 -2.94000 -0.00001 1067 -15.000 -221.622184 253.64851199999998
1701970641.236956 -2.94000 -0.00001 1106 -15.000 -221.622184 253.64851199999998
1701970651.9983683 -2.94000 -0.00001 1058 -25.000 -221.622184 253.64851199999998
1701970651.9983683 -2.94000 -0.00001 1098 -25.000 -221.622184 253.64851199999998
1701970651.9983683 -2.94000 -0.00001 1105 -25.000 -221.622184 253.64851199999998
1701970651.9983683 -2.94000 -0.00001 1085 -25.000 -221.622184 253.64851199999998
1701970651.9983683 -2.94000 -0.00001 1095 -25.000 -221.622184 253.64851199999998
1701970663.2760031 -2.96000 -0.00002 1177 -15.000 -221.622184 263.896935
1701970663.2760031 -2.96000 -0.00002 1190 -15.000 -221.622184 263.896935
1701970663.2760031 -2.96000 -0.00002 1199 -15.000 -221.622184 263.896935
1701970663.2760031 -2.96000 -0.00002 1207 -15.000 -221.622184 263.896935
1701970663.2760031 -2.96000 -0.00002 1232 -15.000 -221.622184 263.896935
1701970674.0640697 -2.96000 -0.00002 1180 -25.000 -221.622184 263.896935
1701970674.0640697 -2.96000 -0.00002 1183 -25.000 -221.622184 263.896935
1701970674.0640697 -2.96000 -0.00002 1207 -25.000 -221.622184 263.896935
1701970674.0640697 -2.96000 -0.00002 1196 -25.000 -221.622184 263.896935
1701970674.0640697 -2.96000 -0.00002 1161 -25.000 -221.622184 263.896935
1701970685.2146375 -2.98000 -0.00002 1341 -15.000 -221.622184 263.896935
1701970685.2146375 -2.98000 -0.00002 1323 -15.000 -221.622184 263.896935
1701970685.2146375 -2.98000 -0.00002 1297 -15.000 -221.622184 263.896935
1701970685.2146375 -2.98000 -0.00002 1264 -15.000 -221.622184 263.896935
1701970685.2146375 -2.98000 -0.00002 1315 -15.000 -221.622184 263.896935
1701970695.9776144 -2.98000 -0.00002 1301 -25.000 -221.622184 263.896935
1701970695.9776144 -2.98000 -0.00002 1299 -25.000 -221.622184 263.896935
1701970695.9776144 -2.98000 -0.00002 1277 -25.000 -221.622184 263.896935
1701970695.9776144 -2.98000 -0.00002 1368 -25.000 -221.622184 263.896935
1701970695.9776144 -2.98000 -0.00002 1285 -25.000 -221.622184 263.896935
1701970707.2557042 -3.00000 -0.00002 1428 -15.000 -221.622184 263.896935
1701970707.2557042 -3.00000 -0.00002 1389 -15.000 -221.622184 263.896935
1701970707.2557042 -3.00000 -0.00002 1403 -15.000 -221.622184 263.896935
1701970707.2557042 -3.00000 -0.00002 1418 -15.000 -221.622184 263.896935
1701970707.2557042 -3.00000 -0.00002 1390 -15.000 -221.622184 263.896935
1701970718.030874 -3.00000 -0.00002 1476 -25.000 -221.622184 263.896935
1701970718.030874 -3.00000 -0.00002 1411 -25.000 -221.622184 263.896935
1701970718.030874 -3.00000 -0.00002 1422 -25.000 -221.622184 263.896935
1701970718.030874 -3.00000 -0.00002 1400 -25.000 -221.622184 263.896935
1701970718.030874 -3.00000 -0.00002 1409 -25.000 -221.622184 263.896935
1701970729.2954788 -3.02000 -0.00002 1539 -15.000 -226.74639499999998 269.021146
1701970729.2954788 -3.02000 -0.00002 1567 -15.000 -226.74639499999998 269.021146
1701970729.2954788 -3.02000 -0.00002 1567 -15.000 -226.74639499999998 269.021146
1701970729.2954788 -3.02000 -0.00002 1544 -15.000 -226.74639499999998 269.021146
1701970729.2954788 -3.02000 -0.00002 1585 -15.000 -226.74639499999998 269.021146
1701970740.0626988 -3.02000 -0.00002 1518 -25.000 -226.74639499999998 269.021146
1701970740.0626988 -3.02000 -0.00002 1491 -25.000 -226.74639499999998 269.021146
1701970740.0626988 -3.02000 -0.00002 1522 -25.000 -226.74639499999998 269.021146
1701970740.0626988 -3.02000 -0.00002 1522 -25.000 -226.74639499999998 269.021146
1701970740.0626988 -3.02000 -0.00002 1523 -25.000 -226.74639499999998 269.021146
1701970751.2351394 -3.04000 -0.00002 1702 -15.000 -226.74639499999998 269.021146
1701970751.2351394 -3.04000 -0.00002 1639 -15.000 -226.74639499999998 269.021146
1701970751.2351394 -3.04000 -0.00002 1681 -15.000 -226.74639499999998 269.021146
1701970751.2351394 -3.04000 -0.00002 1663 -15.000 -226.74639499999998 269.021146
1701970751.2351394 -3.04000 -0.00002 1665 -15.000 -226.74639499999998 269.021146
1701970762.0106316 -3.04000 -0.00002 1637 -25.000 -226.74639499999998 269.021146
1701970762.0106316 -3.04000 -0.00002 1688 -25.000 -226.74639499999998 269.021146
1701970762.0106316 -3.04000 -0.00002 1652 -25.000 -226.74639499999998 269.021146
1701970762.0106316 -3.04000 -0.00002 1688 -25.000 -226.74639499999998 269.021146
1701970762.0106316 -3.04000 -0.00002 1666 -25.000 -226.74639499999998 269.021146
1701970773.1746757 -3.06000 -0.00002 1730 -15.000 -231.870607 274.145357
1701970773.1746757 -3.06000 -0.00002 1754 -15.000 -231.870607 274.145357
1701970773.1746757 -3.06000 -0.00002 1793 -15.000 -231.870607 274.145357
1701970773.1746757 -3.06000 -0.00002 1762 -15.000 -231.870607 274.145357
1701970773.1746757 -3.06000 -0.00002 1751 -15.000 -231.870607 274.145357
1701970784.0425665 -3.06000 -0.00002 1777 -25.000 -231.870607 274.145357
1701970784.0425665 -3.06000 -0.00002 1761 -25.000 -231.870607 274.145357
1701970784.0425665 -3.06000 -0.00002 1779 -25.000 -231.870607 274.145357
1701970784.0425665 -3.06000 -0.00002 1775 -25.000 -231.870607 274.145357
1701970784.0425665 -3.06000 -0.00002 1792 -25.000 -231.870607 274.145357
1701970795.2265384 -3.08000 -0.00002 1915 -15.000 -231.870607 274.145357
1701970795.2265384 -3.08000 -0.00002 1909 -15.000 -231.870607 274.145357
1701970795.2265384 -3.08000 -0.00002 1921 -15.000 -231.870607 274.145357
1701970795.2265384 -3.08000 -0.00002 1938 -15.000 -231.870607 274.145357
1701970795.2265384 -3.08000 -0.00002 1939 -15.000 -231.870607 274.145357
1701970805.9787903 -3.08000 -0.00002 1899 -25.000 -231.870607 274.145357
1701970805.9787903 -3.08000 -0.00002 1901 -25.000 -231.870607 274.145357
1701970805.9787903 -3.08000 -0.00002 1928 -25.000 -231.870607 274.145357
1701970805.9787903 -3.08000 -0.00002 1893 -25.000 -231.870607 274.145357
1701970805.9787903 -3.08000 -0.00002 1966 -25.000 -231.870607 274.145357
1701970817.2552707 -3.10000 -0.00002 2085 -15.000 -236.994818 279.269569
1701970817.2552707 -3.10000 -0.00002 2040 -15.000 -236.994818 279.269569
1701970817.2552707 -3.10000 -0.00002 2035 -15.000 -236.994818 279.269569
1701970817.2552707 -3.10000 -0.00002 2015 -15.000 -236.994818 279.269569
1701970817.2552707 -3.10000 -0.00002 2001 -15.000 -236.994818 279.269569
1701970828.0314324 -3.10000 -0.00002 2009 -25.000 -236.994818 279.269569
1701970828.0314324 -3.10000 -0.00002 2045 -25.000 -236.994818 279.269569
1701970828.0314324 -3.10000 -0.00002 2007 -25.000 -236.994818 279.269569
1701970828.0314324 -3.10000 -0.00002 2028 -25.000 -236.994818 279.269569
1701970828.0314324 -3.10000 -0.00002 2036 -25.000 -236.994818 279.269569
1701970839.1950495 -3.12000 -0.00002 2142 -15.000 -236.994818 279.269569
1701970839.1950495 -3.12000 -0.00002 2181 -15.000 -236.994818 279.269569
1701970839.1950495 -3.12000 -0.00002 2172 -15.000 -236.994818 279.269569
1701970839.1950495 -3.12000 -0.00002 2185 -15.000 -236.994818 279.269569
1701970839.1950495 -3.12000 -0.00002 2136 -15.000 -236.994818 279.269569
1701970850.0650043 -3.12000 -0.00002 2170 -25.000 -236.994818 279.269569
1701970850.0650043 -3.12000 -0.00002 2185 -25.000 -236.994818 279.269569
1701970850.0650043 -3.12000 -0.00002 2185 -25.000 -236.994818 279.269569
1701970850.0650043 -3.12000 -0.00002 2179 -25.000 -236.994818 279.269569
1701970850.0650043 -3.12000 -0.00002 2214 -25.000 -236.994818 279.269569
1701970861.2346475 -3.14000 -0.00002 2296 -15.000 -236.994818 289.517991
1701970861.2346475 -3.14000 -0.00002 2306 -15.000 -236.994818 289.517991
1701970861.2346475 -3.14000 -0.00002 2275 -15.000 -236.994818 289.517991
1701970861.2346475 -3.14000 -0.00002 2269 -15.000 -236.994818 289.517991
1701970861.2346475 -3.14000 -0.00002 2334 -15.000 -236.994818 289.517991
1701970871.998225 -3.14000 -0.00002 2268 -25.000 -236.994818 289.517991
1701970871.998225 -3.14000 -0.00002 2337 -25.000 -236.994818 289.517991
1701970871.998225 -3.14000 -0.00002 2319 -25.000 -236.994818 289.517991
1701970871.998225 -3.14000 -0.00002 2327 -25.000 -236.994818 289.517991
1701970871.998225 -3.14000 -0.00002 2300 -25.000 -236.994818 289.517991
1701970883.2759054 -3.16000 -0.00002 2445 -15.000 -242.119029 284.39378
1701970883.2759054 -3.16000 -0.00002 2408 -15.000 -242.119029 284.39378
1701970883.2759054 -3.16000 -0.00002 2398 -15.000 -242.119029 284.39378
1701970883.2759054 -3.16000 -0.00002 2385 -15.000 -242.119029 284.39378
1701970883.2759054 -3.16000 -0.00002 2432 -15.000 -242.119029 284.39378
1701970894.0493567 -3.16000 -0.00002 2380 -25.000 -242.119029 284.39378
1701970894.0493567 -3.16000 -0.00002 2439 -25.000 -242.119029 284.39378
1701970894.0493567 -3.16000 -0.00002 2420 -25.000 -242.119029 284.39378
1701970894.0493567 -3.16000 -0.00002 2407 -25.000 -242.119029 284.39378
1701970894.0493567 -3.16000 -0.00002 2416 -25.000 -242.119029 284.39378
1701970905.2147965 -3.18000 -0.00002 2567 -15.000 -247.24324000000001 284.39378
1701970905.2147965 -3.18000 -0.00002 2537 -15.000 -247.24324000000001 284.39378
1701970905.2147965 -3.18000 -0.00002 2553 -15.000 -247.24324000000001 284.39378
1701970905.2147965 -3.18000 -0.00002 2575 -15.000 -247.24324000000001 284.39378
1701970905.2147965 -3.18000 -0.00002 2545 -15.000 -247.24324000000001 284.39378
1701970915.9782965 -3.18000 -0.00002 2549 -25.000 -247.24324000000001 284.39378
1701970915.9782965 -3.18000 -0.00002 2554 -25.000 -247.24324000000001 284.39378
1701970915.9782965 -3.18000 -0.00002 2538 -25.000 -247.24324000000001 284.39378
1701970915.9782965 -3.18000 -0.00002 2552 -25.000 -247.24324000000001 284.39378
1701970915.9782965 -3.18000 -0.00002 2567 -25.000 -247.24324000000001 284.39378
1701970927.1624005 -3.20000 -0.00002 2660 -15.000 -242.119029 289.517991
1701970927.1624005 -3.20000 -0.00002 2689 -15.000 -242.119029 289.517991
1701970927.1624005 -3.20000 -0.00002 2654 -15.000 -242.119029 289.517991
1701970927.1624005 -3.20000 -0.00002 2715 -15.000 -242.119029 289.517991
1701970927.1624005 -3.20000 -0.00002 2669 -15.000 -242.119029 289.517991
1701970938.031707 -3.20000 -0.00002 2690 -25.000 -242.119029 289.517991
1701970938.031707 -3.20000 -0.00002 2659 -25.000 -242.119029 289.517991
1701970938.031707 -3.20000 -0.00002 2661 -25.000 -242.119029 289.517991
1701970938.031707 -3.20000 -0.00002 2708 -25.000 -242.119029 289.517991
1701970938.031707 -3.20000 -0.00002 2685 -25.000 -242.119029 289.517991
1701970949.2958722 -3.22000 -0.00002 2818 -15.000 -247.24324000000001 289.517991
1701970949.2958722 -3.22000 -0.00002 2839 -15.000 -247.24324000000001 289.517991
1701970949.2958722 -3.22000 -0.00002 2827 -15.000 -247.24324000000001 289.517991
1701970949.2958722 -3.22000 -0.00002 2774 -15.000 -247.24324000000001 289.517991
1701970949.2958722 -3.22000 -0.00002 2839 -15.000 -247.24324000000001 289.517991
1701970959.9586148 -3.22000 -0.00002 2796 -25.000 -247.24324000000001 289.517991
1701970959.9586148 -3.22000 -0.00002 2792 -25.000 -247.24324000000001 289.517991
1701970959.9586148 -3.22000 -0.00002 2827 -25.000 -247.24324000000001 289.517991
1701970959.9586148 -3.22000 -0.00002 2819 -25.000 -247.24324000000001 289.517991
1701970959.9586148 -3.22000 -0.00002 2823 -25.000 -247.24324000000001 289.517991
1701970971.3370101 -3.24000 -0.00002 2965 -15.000 -252.367467 299.766429
1701970971.3370101 -3.24000 -0.00002 2936 -15.000 -252.367467 299.766429
1701970971.3370101 -3.24000 -0.00002 2926 -15.000 -252.367467 299.766429
1701970971.3370101 -3.24000 -0.00002 2912 -15.000 -252.367467 299.766429
1701970971.3370101 -3.24000 -0.00002 2926 -15.000 -252.367467 299.766429
1701970981.9995775 -3.24000 -0.00002 2913 -25.000 -252.367467 299.766429
1701970981.9995775 -3.24000 -0.00002 2939 -25.000 -252.367467 299.766429
1701970981.9995775 -3.24000 -0.00002 2934 -25.000 -252.367467 299.766429
1701970981.9995775 -3.24000 -0.00002 2916 -25.000 -252.367467 299.766429
1701970981.9995775 -3.24000 -0.00002 2900 -25.000 -252.367467 299.766429
1701970993.377092 -3.26000 -0.00002 3033 -15.000 -252.367467 299.766429
1701970993.377092 -3.26000 -0.00002 3033 -15.000 -252.367467 299.766429
1701970993.377092 -3.26000 -0.00002 3058 -15.000 -252.367467 299.766429
1701970993.377092 -3.26000 -0.00002 2998 -15.000 -252.367467 299.766429
1701970993.377092 -3.26000 -0.00002 3092 -15.000 -252.367467 299.766429
1701971004.0523038 -3.26000 -0.00002 3037 -25.000 -252.367467 299.766429
1701971004.0523038 -3.26000 -0.00002 3048 -25.000 -252.367467 299.766429
1701971004.0523038 -3.26000 -0.00002 3061 -25.000 -252.367467 299.766429
1701971004.0523038 -3.26000 -0.00002 3076 -25.000 -252.367467 299.766429
1701971004.0523038 -3.26000 -0.00002 3056 -25.000 -252.367467 299.766429
1701971015.3168943 -3.28000 -0.00002 3153 -15.000 -257.491678 299.766429
1701971015.3168943 -3.28000 -0.00002 3157 -15.000 -257.491678 299.766429
1701971015.3168943 -3.28000 -0.00002 3196 -15.000 -257.491678 299.766429
1701971015.3168943 -3.28000 -0.00002 3182 -15.000 -257.491678 299.766429
1701971015.3168943 -3.28000 -0.00002 3157 -15.000 -257.491678 299.766429
1701971025.9792852 -3.28000 -0.00002 3183 -25.000 -257.491678 299.766429
1701971025.9792852 -3.28000 -0.00002 3175 -25.000 -257.491678 299.766429
1701971025.9792852 -3.28000 -0.00002 3172 -25.000 -257.491678 299.766429
1701971025.9792852 -3.28000 -0.00002 3171 -25.000 -257.491678 299.766429
1701971025.9792852 -3.28000 -0.00002 3193 -25.000 -257.491678 299.766429
1701971037.2563577 -3.30000 -0.00002 3281 -15.000 -252.367467 304.890644
1701971037.2563577 -3.30000 -0.00002 3317 -15.000 -252.367467 304.890644
1701971037.2563577 -3.30000 -0.00002 3318 -15.000 -252.367467 304.890644
1701971037.2563577 -3.30000 -0.00002 3285 -15.000 -252.367467 304.890644
1701971037.2563577 -3.30000 -0.00002 3287 -15.000 -252.367467 304.890644
1701971048.0309353 -3.30000 -0.00002 3328 -25.000 -252.367467 304.890644
1701971048.0309353 -3.30000 -0.00002 3302 -25.000 -252.367467 304.890644
1701971048.0309353 -3.30000 -0.00002 3233 -25.000 -252.367467 304.890644
1701971048.0309353 -3.30000 -0.00002 3279 -25.000 -252.367467 304.890644
1701971048.0309353 -3.30000 -0.00002 3311 -25.000 -252.367467 304.890644
1701971059.2972438 -3.32000 -0.00002 3397 -15.000 -262.615889 304.89063999999996
1701971059.2972438 -3.32000 -0.00002 3373 -15.000 -262.615889 304.89063999999996
1701971059.2972438 -3.32000 -0.00002 3397 -15.000 -262.615889 304.89063999999996
1701971059.2972438 -3.32000 -0.00002 3373 -15.000 -262.615889 304.89063999999996
1701971059.2972438 -3.32000 -0.00002 3423 -15.000 -262.615889 304.89063999999996
1701971069.9594326 -3.32000 -0.00002 3378 -25.000 -262.615889 304.89063999999996
1701971069.9594326 -3.32000 -0.00002 3386 -25.000 -262.615889 304.89063999999996
1701971069.9594326 -3.32000 -0.00002 3376 -25.000 -262.615889 304.89063999999996
1701971069.9594326 -3.32000 -0.00002 3401 -25.000 -262.615889 304.89063999999996
1701971069.9594326 -3.32000 -0.00002 3395 -25.000 -262.615889 304.89063999999996
1701971081.3369184 -3.34000 -0.00002 3519 -15.000 -288.236946 304.89063999999996
1701971081.3369184 -3.34000 -0.00002 3517 -15.000 -288.236946 304.89063999999996
1701971081.3369184 -3.34000 -0.00002 3483 -15.000 -288.236946 304.89063999999996
1701971081.3369184 -3.34000 -0.00002 3537 -15.000 -288.236946 304.89063999999996
1701971081.3369184 -3.34000 -0.00002 3489 -15.000 -288.236946 304.89063999999996
1701971091.999027 -3.34000 -0.00002 3472 -25.000 -288.236946 304.89063999999996
1701971091.999027 -3.34000 -0.00002 3493 -25.000 -288.236946 304.89063999999996
1701971091.999027 -3.34000 -0.00002 3531 -25.000 -288.236946 304.89063999999996
1701971091.999027 -3.34000 -0.00002 3489 -25.000 -288.236946 304.89063999999996
1701971091.999027 -3.34000 -0.00002 3544 -25.000 -288.236946 304.89063999999996
1701971103.283617 -3.36000 -0.00002 3634 -15.000 -262.615889 325.38748899999996
1701971103.283617 -3.36000 -0.00002 3617 -15.000 -262.615889 325.38748899999996
1701971103.283617 -3.36000 -0.00002 3594 -15.000 -262.615889 325.38748899999996
1701971103.283617 -3.36000 -0.00002 3617 -15.000 -262.615889 325.38748899999996
1701971103.283617 -3.36000 -0.00002 3632 -15.000 -262.615889 325.38748899999996
1701971114.0654595 -3.36000 -0.00002 3618 -25.000 -262.615889 325.38748899999996
1701971114.0654595 -3.36000 -0.00002 3595 -25.000 -262.615889 325.38748899999996
1701971114.0654595 -3.36000 -0.00002 3601 -25.000 -262.615889 325.38748899999996
1701971114.0654595 -3.36000 -0.00002 3600 -25.000 -262.615889 325.38748899999996
1701971114.0654595 -3.36000 -0.00002 3606 -25.000 -262.615889 325.38748899999996
1701971125.3163438 -3.38000 -0.00002 3707 -15.000 -257.491678 304.89063999999996
1701971125.3163438 -3.38000 -0.00002 3755 -15.000 -257.491678 304.89063999999996
1701971125.3163438 -3.38000 -0.00002 3726 -15.000 -257.491678 304.89063999999996
1701971125.3163438 -3.38000 -0.00002 3714 -15.000 -257.491678 304.89063999999996
1701971125.3163438 -3.38000 -0.00002 3758 -15.000 -257.491678 304.89063999999996
1701971135.9782531 -3.38000 -0.00002 3710 -25.000 -257.491678 304.89063999999996
1701971135.9782531 -3.38000 -0.00002 3733 -25.000 -257.491678 304.89063999999996
1701971135.9782531 -3.38000 -0.00002 3754 -25.000 -257.491678 304.89063999999996
1701971135.9782531 -3.38000 -0.00002 3687 -25.000 -257.491678 304.89063999999996
1701971135.9782531 -3.38000 -0.00002 3689 -25.000 -257.491678 304.89063999999996
1701971147.256507 -3.40000 -0.00002 3825 -15.000 -267.740101 310.01485099999996
1701971147.256507 -3.40000 -0.00002 3818 -15.000 -267.740101 310.01485099999996
1701971147.256507 -3.40000 -0.00002 3826 -15.000 -267.740101 310.01485099999996
1701971147.256507 -3.40000 -0.00002 3839 -15.000 -267.740101 310.01485099999996
1701971147.256507 -3.40000 -0.00002 3841 -15.000 -267.740101 310.01485099999996
1701971158.029741 -3.40000 -0.00002 3851 -25.000 -267.740101 310.01485099999996
1701971158.029741 -3.40000 -0.00002 3834 -25.000 -267.740101 310.01485099999996
1701971158.029741 -3.40000 -0.00002 3827 -25.000 -267.740101 310.01485099999996
1701971158.029741 -3.40000 -0.00002 3833 -25.000 -267.740101 310.01485099999996
1701971158.029741 -3.40000 -0.00002 3856 -25.000 -267.740101 310.01485099999996
1701971169.1952512 -3.42000 -0.00002 3917 -15.000 -262.615889 315.139066
1701971169.1952512 -3.42000 -0.00002 3931 -15.000 -262.615889 315.139066
1701971169.1952512 -3.42000 -0.00002 3950 -15.000 -262.615889 315.139066
1701971169.1952512 -3.42000 -0.00002 3934 -15.000 -262.615889 315.139066
1701971169.1952512 -3.42000 -0.00002 3931 -15.000 -262.615889 315.139066
1701971179.9598334 -3.42000 -0.00002 3964 -25.000 -262.615889 315.139066
1701971179.9598334 -3.42000 -0.00002 3931 -25.000 -262.615889 315.139066
1701971179.9598334 -3.42000 -0.00002 3937 -25.000 -262.615889 315.139066
1701971179.9598334 -3.42000 -0.00002 3945 -25.000 -262.615889 315.139066
1701971179.9598334 -3.42000 -0.00002 3931 -25.000 -262.615889 315.139066
1701971191.236199 -3.44000 -0.00002 4043 -15.000 -267.740101 325.38748899999996
1701971191.236199 -3.44000 -0.00002 4031 -15.000 -267.740101 325.38748899999996
1701971191.236199 -3.44000 -0.00002 4048 -15.000 -267.740101 325.38748899999996
1701971191.236199 -3.44000 -0.00002 4038 -15.000 -267.740101 325.38748899999996
1701971191.236199 -3.44000 -0.00002 4055 -15.000 -267.740101 325.38748899999996
1701971202.0123942 -3.44000 -0.00002 4044 -25.000 -267.740101 325.38748899999996
1701971202.0123942 -3.44000 -0.00002 4068 -25.000 -267.740101 325.38748899999996
1701971202.0123942 -3.44000 -0.00002 4022 -25.000 -267.740101 325.38748899999996
1701971202.0123942 -3.44000 -0.00002 4044 -25.000 -267.740101 325.38748899999996
1701971202.0123942 -3.44000 -0.00002 3993 -25.000 -267.740101 325.38748899999996
1701971213.276086 -3.46000 -0.00002 4135 -15.000 -267.740101 320.26327799999996
1701971213.276086 -3.46000 -0.00002 4118 -15.000 -267.740101 320.26327799999996
1701971213.276086 -3.46000 -0.00002 4129 -15.000 -267.740101 320.26327799999996
1701971213.276086 -3.46000 -0.00002 4136 -15.000 -267.740101 320.26327799999996
1701971213.276086 -3.46000 -0.00002 4153 -15.000 -267.740101 320.26327799999996
1701971224.0404093 -3.46000 -0.00002 4141 -25.000 -267.740101 320.26327799999996
1701971224.0404093 -3.46000 -0.00002 4123 -25.000 -267.740101 320.26327799999996
1701971224.0404093 -3.46000 -0.00002 4111 -25.000 -267.740101 320.26327799999996
1701971224.0404093 -3.46000 -0.00002 4126 -25.000 -267.740101 320.26327799999996
1701971224.0404093 -3.46000 -0.00002 4131 -25.000 -267.740101 320.26327799999996
1701971235.2215834 -3.48000 -0.00002 4245 -15.000 -272.864312 325.38748899999996
1701971235.2215834 -3.48000 -0.00002 4252 -15.000 -272.864312 325.38748899999996
1701971235.2215834 -3.48000 -0.00002 4208 -15.000 -272.864312 325.38748899999996
1701971235.2215834 -3.48000 -0.00002 4231 -15.000 -272.864312 325.38748899999996
1701971235.2215834 -3.48000 -0.00002 4232 -15.000 -272.864312 325.38748899999996
1701971245.9780908 -3.48000 -0.00002 4241 -25.000 -272.864312 325.38748899999996
1701971245.9780908 -3.48000 -0.00002 4260 -25.000 -272.864312 325.38748899999996
1701971245.9780908 -3.48000 -0.00002 4240 -25.000 -272.864312 325.38748899999996
1701971245.9780908 -3.48000 -0.00002 4238 -25.000 -272.864312 325.38748899999996
1701971245.9780908 -3.48000 -0.00002 4268 -25.000 -272.864312 325.38748899999996
1701971257.2554638 -3.50000 -0.00003 4327 -15.000 -308.733791 325.38748899999996
1701971257.2554638 -3.50000 -0.00003 4313 -15.000 -308.733791 325.38748899999996
1701971257.2554638 -3.50000 -0.00003 4331 -15.000 -308.733791 325.38748899999996
1701971257.2554638 -3.50000 -0.00003 4307 -15.000 -308.733791 325.38748899999996
1701971257.2554638 -3.50000 -0.00003 4337 -15.000 -308.733791 325.38748899999996
1701971268.0444965 -3.50000 -0.00003 4338 -25.000 -308.733791 325.38748899999996
1701971268.0444965 -3.50000 -0.00003 4340 -25.000 -308.733791 325.38748899999996
1701971268.0444965 -3.50000 -0.00003 4348 -25.000 -308.733791 325.38748899999996
1701971268.0444965 -3.50000 -0.00003 4323 -25.000 -308.733791 325.38748899999996
1701971268.0444965 -3.50000 -0.00003 4365 -25.000 -308.733791 325.38748899999996
1701971279.2026243 -3.52000 -0.00003 4412 -15.000 -272.864312 325.38748899999996
1701971279.2026243 -3.52000 -0.00003 4428 -15.000 -272.864312 325.38748899999996
1701971279.2026243 -3.52000 -0.00003 4418 -15.000 -272.864312 325.38748899999996
1701971279.2026243 -3.52000 -0.00003 4434 -15.000 -272.864312 325.38748899999996
1701971279.2026243 -3.52000 -0.00003 4439 -15.000 -272.864312 325.38748899999996
1701971289.959759 -3.52000 -0.00003 4416 -25.000 -272.864312 325.38748899999996
1701971289.959759 -3.52000 -0.00003 4441 -25.000 -272.864312 325.38748899999996
1701971289.959759 -3.52000 -0.00003 4425 -25.000 -272.864312 325.38748899999996
1701971289.959759 -3.52000 -0.00003 4424 -25.000 -272.864312 325.38748899999996
1701971289.959759 -3.52000 -0.00003 4438 -25.000 -272.864312 325.38748899999996
1701971301.2363732 -3.54000 -0.00002 4518 -15.000 -272.864312 325.38748899999996
1701971301.2363732 -3.54000 -0.00002 4529 -15.000 -272.864312 325.38748899999996
1701971301.2363732 -3.54000 -0.00002 4531 -15.000 -272.864312 325.38748899999996
1701971301.2363732 -3.54000 -0.00002 4532 -15.000 -272.864312 325.38748899999996
1701971301.2363732 -3.54000 -0.00002 4533 -15.000 -272.864312 325.38748899999996
1701971312.0555453 -3.54000 -0.00002 4546 -25.000 -272.864312 325.38748899999996
1701971312.0555453 -3.54000 -0.00002 4513 -25.000 -272.864312 325.38748899999996
1701971312.0555453 -3.54000 -0.00002 4517 -25.000 -272.864312 325.38748899999996
1701971312.0555453 -3.54000 -0.00002 4559 -25.000 -272.864312 325.38748899999996
1701971312.0555453 -3.54000 -0.00002 4524 -25.000 -272.864312 325.38748899999996
1701971323.2771854 -3.56000 -0.00002 4644 -15.000 -277.988523 330.5117
1701971323.2771854 -3.56000 -0.00002 4607 -15.000 -277.988523 330.5117
1701971323.2771854 -3.56000 -0.00002 4635 -15.000 -277.988523 330.5117
1701971323.2771854 -3.56000 -0.00002 4624 -15.000 -277.988523 330.5117
1701971323.2771854 -3.56000 -0.00002 4635 -15.000 -277.988523 330.5117
1701971334.0537026 -3.56000 -0.00002 4636 -25.000 -277.988523 330.5117
1701971334.0537026 -3.56000 -0.00002 4620 -25.000 -277.988523 330.5117
1701971334.0537026 -3.56000 -0.00002 4596 -25.000 -277.988523 330.5117
1701971334.0537026 -3.56000 -0.00002 4625 -25.000 -277.988523 330.5117
1701971334.0537026 -3.56000 -0.00002 4607 -25.000 -277.988523 330.5117
1701971345.2162852 -3.58000 -0.00003 4733 -15.000 -277.988523 371.50539100000003
1701971345.2162852 -3.58000 -0.00003 4706 -15.000 -277.988523 371.50539100000003
1701971345.2162852 -3.58000 -0.00003 4726 -15.000 -277.988523 371.50539100000003
1701971345.2162852 -3.58000 -0.00003 4701 -15.000 -277.988523 371.50539100000003
1701971345.2162852 -3.58000 -0.00003 4703 -15.000 -277.988523 371.50539100000003
1701971355.9801137 -3.58000 -0.00003 4704 -25.000 -277.988523 371.50539100000003
1701971355.9801137 -3.58000 -0.00003 4713 -25.000 -277.988523 371.50539100000003
1701971355.9801137 -3.58000 -0.00003 4736 -25.000 -277.988523 371.50539100000003
1701971355.9801137 -3.58000 -0.00003 4718 -25.000 -277.988523 371.50539100000003
1701971355.9801137 -3.58000 -0.00003 4724 -25.000 -277.988523 371.50539100000003
1701971367.2576993 -3.60000 -0.00002 4805 -15.000 -277.988523 335.63591199999996
1701971367.2576993 -3.60000 -0.00002 4816 -15.000 -277.988523 335.63591199999996
1701971367.2576993 -3.60000 -0.00002 4806 -15.000 -277.988523 335.63591199999996
1701971367.2576993 -3.60000 -0.00002 4799 -15.000 -277.988523 335.63591199999996
1701971367.2576993 -3.60000 -0.00002 4836 -15.000 -277.988523 335.63591199999996
1701971378.0335498 -3.60000 -0.00002 4805 -25.000 -277.988523 335.63591199999996
1701971378.0335498 -3.60000 -0.00002 4782 -25.000 -277.988523 335.63591199999996
1701971378.0335498 -3.60000 -0.00002 4783 -25.000 -277.988523 335.63591199999996
1701971378.0335498 -3.60000 -0.00002 4798 -25.000 -277.988523 335.63591199999996
1701971378.0335498 -3.60000 -0.00002 4804 -25.000 -277.988523 335.63591199999996
1701971389.298499 -3.62000 -0.00003 4892 -15.000 -283.112735 386.87802500000004
1701971389.298499 -3.62000 -0.00003 4896 -15.000 -283.112735 386.87802500000004
1701971389.298499 -3.62000 -0.00003 4925 -15.000 -283.112735 386.87802500000004
1701971389.298499 -3.62000 -0.00003 4914 -15.000 -283.112735 386.87802500000004
1701971389.298499 -3.62000 -0.00003 4896 -15.000 -283.112735 386.87802500000004
1701971399.9598303 -3.62000 -0.00003 4905 -25.000 -283.112735 386.87802500000004
1701971399.9598303 -3.62000 -0.00003 4903 -25.000 -283.112735 386.87802500000004
1701971399.9598303 -3.62000 -0.00003 4891 -25.000 -283.112735 386.87802500000004
1701971399.9598303 -3.62000 -0.00003 4908 -25.000 -283.112735 386.87802500000004
1701971399.9598303 -3.62000 -0.00003 4898 -25.000 -283.112735 386.87802500000004
1701971411.2407324 -3.64000 -0.00003 5006 -15.000 -283.112735 335.63591199999996
1701971411.2407324 -3.64000 -0.00003 4987 -15.000 -283.112735 335.63591199999996
1701971411.2407324 -3.64000 -0.00003 4965 -15.000 -283.112735 335.63591199999996
1701971411.2407324 -3.64000 -0.00003 4983 -15.000 -283.112735 335.63591199999996
1701971411.2407324 -3.64000 -0.00003 4968 -15.000 -283.112735 335.63591199999996
1701971422.0140448 -3.64000 -0.00003 4988 -25.000 -283.112735 335.63591199999996
1701971422.0140448 -3.64000 -0.00003 4979 -25.000 -283.112735 335.63591199999996
1701971422.0140448 -3.64000 -0.00003 4984 -25.000 -283.112735 335.63591199999996
1701971422.0140448 -3.64000 -0.00003 4991 -25.000 -283.112735 335.63591199999996
1701971422.0140448 -3.64000 -0.00003 5009 -25.000 -283.112735 335.63591199999996
1701971433.177567 -3.66000 -0.00003 5067 -15.000 -283.112735 335.63591199999996
1701971433.177567 -3.66000 -0.00003 5069 -15.000 -283.112735 335.63591199999996
1701971433.177567 -3.66000 -0.00003 5074 -15.000 -283.112735 335.63591199999996
1701971433.177567 -3.66000 -0.00003 5074 -15.000 -283.112735 335.63591199999996
1701971433.177567 -3.66000 -0.00003 5084 -15.000 -283.112735 335.63591199999996
1701971444.0431545 -3.66000 -0.00003 5063 -25.000 -283.112735 335.63591199999996
1701971444.0431545 -3.66000 -0.00003 5089 -25.000 -283.112735 335.63591199999996
1701971444.0431545 -3.66000 -0.00003 5093 -25.000 -283.112735 335.63591199999996
1701971444.0431545 -3.66000 -0.00003 5119 -25.000 -283.112735 335.63591199999996
1701971444.0431545 -3.66000 -0.00003 5072 -25.000 -283.112735 335.63591199999996
1701971455.2179031 -3.68000 -0.00003 5168 -15.000 -303.60958 340.760123
1701971455.2179031 -3.68000 -0.00003 5149 -15.000 -303.60958 340.760123
1701971455.2179031 -3.68000 -0.00003 5185 -15.000 -303.60958 340.760123
1701971455.2179031 -3.68000 -0.00003 5169 -15.000 -303.60958 340.760123
1701971455.2179031 -3.68000 -0.00003 5155 -15.000 -303.60958 340.760123
1701971465.9815447 -3.68000 -0.00003 5173 -25.000 -303.60958 340.760123
1701971465.9815447 -3.68000 -0.00003 5195 -25.000 -303.60958 340.760123
1701971465.9815447 -3.68000 -0.00003 5147 -25.000 -303.60958 340.760123
1701971465.9815447 -3.68000 -0.00003 5153 -25.000 -303.60958 340.760123
1701971465.9815447 -3.68000 -0.00003 5174 -25.000 -303.60958 340.760123
1701971477.2669744 -3.70000 -0.00003 5231 -15.000 -288.236946 356.132757
1701971477.2669744 -3.70000 -0.00003 5226 -15.000 -288.236946 356.132757
1701971477.2669744 -3.70000 -0.00003 5256 -15.000 -288.236946 356.132757
1701971477.2669744 -3.70000 -0.00003 5231 -15.000 -288.236946 356.132757
1701971477.2669744 -3.70000 -0.00003 5261 -15.000 -288.236946 356.132757
1701971488.0214307 -3.70000 -0.00003 5255 -25.000 -288.236946 356.132757
1701971488.0214307 -3.70000 -0.00003 5274 -25.000 -288.236946 356.132757
1701971488.0214307 -3.70000 -0.00003 5260 -25.000 -288.236946 356.132757
1701971488.0214307 -3.70000 -0.00003 5279 -25.000 -288.236946 356.132757
1701971488.0214307 -3.70000 -0.00003 5253 -25.000 -288.236946 356.132757
1701971499.1981337 -3.72000 -0.00003 5362 -15.000 -293.361157 340.760123
1701971499.1981337 -3.72000 -0.00003 5349 -15.000 -293.361157 340.760123
1701971499.1981337 -3.72000 -0.00003 5313 -15.000 -293.361157 340.760123
1701971499.1981337 -3.72000 -0.00003 5324 -15.000 -293.361157 340.760123
1701971499.1981337 -3.72000 -0.00003 5381 -15.000 -293.361157 340.760123
1701971509.962927 -3.72000 -0.00003 5348 -25.000 -293.361157 340.760123
1701971509.962927 -3.72000 -0.00003 5315 -25.000 -293.361157 340.760123
1701971509.962927 -3.72000 -0.00003 5345 -25.000 -293.361157 340.760123
1701971509.962927 -3.72000 -0.00003 5324 -25.000 -293.361157 340.760123
1701971509.962927 -3.72000 -0.00003 5333 -25.000 -293.361157 340.760123
1701971521.3408325 -3.74000 -0.00003 5402 -15.000 -329.230636 356.132757
1701971521.3408325 -3.74000 -0.00003 5441 -15.000 -329.230636 356.132757
1701971521.3408325 -3.74000 -0.00003 5438 -15.000 -329.230636 356.132757
1701971521.3408325 -3.74000 -0.00003 5434 -15.000 -329.230636 356.132757
1701971521.3408325 -3.74000 -0.00003 5410 -15.000 -329.230636 356.132757
1701971532.0136433 -3.74000 -0.00003 5443 -25.000 -329.230636 356.132757
1701971532.0136433 -3.74000 -0.00003 5443 -25.000 -329.230636 356.132757
1701971532.0136433 -3.74000 -0.00003 5426 -25.000 -329.230636 356.132757
1701971532.0136433 -3.74000 -0.00003 5426 -25.000 -329.230636 356.132757
1701971532.0136433 -3.74000 -0.00003 5400 -25.000 -329.230636 356.132757
1701971543.2800908 -3.76000 -0.00003 5547 -15.000 -298.485368 351.00854599999997
1701971543.2800908 -3.76000 -0.00003 5495 -15.000 -298.485368 351.00854599999997
1701971543.2800908 -3.76000 -0.00003 5507 -15.000 -298.485368 351.00854599999997
1701971543.2800908 -3.76000 -0.00003 5503 -15.000 -298.485368 351.00854599999997
1701971543.2800908 -3.76000 -0.00003 5525 -15.000 -298.485368 351.00854599999997
1701971554.0695586 -3.76000 -0.00003 5516 -25.000 -298.485368 351.00854599999997
1701971554.0695586 -3.76000 -0.00003 5521 -25.000 -298.485368 351.00854599999997
1701971554.0695586 -3.76000 -0.00003 5517 -25.000 -298.485368 351.00854599999997
1701971554.0695586 -3.76000 -0.00003 5497 -25.000 -298.485368 351.00854599999997
1701971554.0695586 -3.76000 -0.00003 5491 -25.000 -298.485368 351.00854599999997
1701971565.1563067 -3.78000 -0.00003 5588 -15.000 -293.361157 366.38118
1701971565.1563067 -3.78000 -0.00003 5600 -15.000 -293.361157 366.38118
1701971565.1563067 -3.78000 -0.00003 5589 -15.000 -293.361157 366.38118
1701971565.1563067 -3.78000 -0.00003 5598 -15.000 -293.361157 366.38118
1701971565.1563067 -3.78000 -0.00003 5580 -15.000 -293.361157 366.38118
1701971575.9828136 -3.78000 -0.00003 5577 -25.000 -293.361157 366.38118
1701971575.9828136 -3.78000 -0.00003 5611 -25.000 -293.361157 366.38118
1701971575.9828136 -3.78000 -0.00003 5608 -25.000 -293.361157 366.38118
1701971575.9828136 -3.78000 -0.00003 5564 -25.000 -293.361157 366.38118
1701971575.9828136 -3.78000 -0.00003 5607 -25.000 -293.361157 366.38118
1701971587.2602026 -3.80000 -0.00003 5681 -15.000 -313.858002 366.38118
1701971587.2602026 -3.80000 -0.00003 5688 -15.000 -313.858002 366.38118
1701971587.2602026 -3.80000 -0.00003 5702 -15.000 -313.858002 366.38118
1701971587.2602026 -3.80000 -0.00003 5692 -15.000 -313.858002 366.38118
1701971587.2602026 -3.80000 -0.00003 5674 -15.000 -313.858002 366.38118
1701971598.045092 -3.80000 -0.00003 5665 -25.000 -313.858002 366.38118
1701971598.045092 -3.80000 -0.00003 5690 -25.000 -313.858002 366.38118
1701971598.045092 -3.80000 -0.00003 5665 -25.000 -313.858002 366.38118
1701971598.045092 -3.80000 -0.00003 5650 -25.000 -313.858002 366.38118
1701971598.045092 -3.80000 -0.00003 5671 -25.000 -313.858002 366.38118
1701971609.3009481 -3.82000 -0.00003 5749 -15.000 -298.485368 356.132757
1701971609.3009481 -3.82000 -0.00003 5773 -15.000 -298.485368 356.132757
1701971609.3009481 -3.82000 -0.00003 5743 -15.000 -298.485368 356.132757
1701971609.3009481 -3.82000 -0.00003 5748 -15.000 -298.485368 356.132757
1701971609.3009481 -3.82000 -0.00003 5738 -15.000 -298.485368 356.132757
1701971619.9635103 -3.82000 -0.00003 5747 -25.000 -298.485368 356.132757
1701971619.9635103 -3.82000 -0.00003 5778 -25.000 -298.485368 356.132757
1701971619.9635103 -3.82000 -0.00003 5757 -25.000 -298.485368 356.132757
1701971619.9635103 -3.82000 -0.00003 5759 -25.000 -298.485368 356.132757
1701971619.9635103 -3.82000 -0.00003 5751 -25.000 -298.485368 356.132757
1701971631.240011 -3.84000 -0.00003 5857 -15.000 -303.60958 356.132757
1701971631.240011 -3.84000 -0.00003 5842 -15.000 -303.60958 356.132757
1701971631.240011 -3.84000 -0.00003 5852 -15.000 -303.60958 356.132757
1701971631.240011 -3.84000 -0.00003 5848 -15.000 -303.60958 356.132757
1701971631.240011 -3.84000 -0.00003 5836 -15.000 -303.60958 356.132757
1701971642.016103 -3.84000 -0.00003 5849 -25.000 -303.60958 356.132757
1701971642.016103 -3.84000 -0.00003 5836 -25.000 -303.60958 356.132757
1701971642.016103 -3.84000 -0.00003 5861 -25.000 -303.60958 356.132757
1701971642.016103 -3.84000 -0.00003 5858 -25.000 -303.60958 356.132757
1701971642.016103 -3.84000 -0.00003 5803 -25.000 -303.60958 356.132757
1701971653.388829 -3.86000 -0.00003 5910 -15.000 -329.230636 386.87802500000004
1701971653.388829 -3.86000 -0.00003 5955 -15.000 -329.230636 386.87802500000004
1701971653.388829 -3.86000 -0.00003 5922 -15.000 -329.230636 386.87802500000004
1701971653.388829 -3.86000 -0.00003 5935 -15.000 -329.230636 386.87802500000004
1701971653.388829 -3.86000 -0.00003 5919 -15.000 -329.230636 386.87802500000004
1701971664.0557063 -3.86000 -0.00003 5926 -25.000 -329.230636 386.87802500000004
1701971664.0557063 -3.86000 -0.00003 5901 -25.000 -329.230636 386.87802500000004
1701971664.0557063 -3.86000 -0.00003 5908 -25.000 -329.230636 386.87802500000004
1701971664.0557063 -3.86000 -0.00003 5906 -25.000 -329.230636 386.87802500000004
1701971664.0557063 -3.86000 -0.00003 5883 -25.000 -329.230636 386.87802500000004
1701971675.219695 -3.88000 -0.00003 5972 -15.000 -313.858002 361.25696800000003
1701971675.219695 -3.88000 -0.00003 6012 -15.000 -313.858002 361.25696800000003
1701971675.219695 -3.88000 -0.00003 5983 -15.000 -313.858002 361.25696800000003
1701971675.219695 -3.88000 -0.00003 5999 -15.000 -313.858002 361.25696800000003
1701971675.219695 -3.88000 -0.00003 6008 -15.000 -313.858002 361.25696800000003
1701971685.9833236 -3.88000 -0.00003 6001 -25.000 -313.858002 361.25696800000003
1701971685.9833236 -3.88000 -0.00003 5980 -25.000 -313.858002 361.25696800000003
1701971685.9833236 -3.88000 -0.00003 6029 -25.000 -313.858002 361.25696800000003
1701971685.9833236 -3.88000 -0.00003 6002 -25.000 -313.858002 361.25696800000003
1701971685.9833236 -3.88000 -0.00003 5992 -25.000 -313.858002 361.25696800000003
1701971697.2603188 -3.90000 -0.00003 6077 -15.000 -303.60958 371.50539100000003
1701971697.2603188 -3.90000 -0.00003 6075 -15.000 -303.60958 371.50539100000003
1701971697.2603188 -3.90000 -0.00003 6061 -15.000 -303.60958 371.50539100000003
1701971697.2603188 -3.90000 -0.00003 6077 -15.000 -303.60958 371.50539100000003
1701971697.2603188 -3.90000 -0.00003 6071 -15.000 -303.60958 371.50539100000003
1701971708.0356116 -3.90000 -0.00003 6117 -25.000 -303.60958 371.50539100000003
1701971708.0356116 -3.90000 -0.00003 6074 -25.000 -303.60958 371.50539100000003
1701971708.0356116 -3.90000 -0.00003 6058 -25.000 -303.60958 371.50539100000003
1701971708.0356116 -3.90000 -0.00003 6086 -25.000 -303.60958 371.50539100000003
1701971708.0356116 -3.90000 -0.00003 6089 -25.000 -303.60958 371.50539100000003
1701971719.198883 -3.92000 -0.00003 6162 -15.000 -303.60958 361.25696800000003
1701971719.198883 -3.92000 -0.00003 6134 -15.000 -303.60958 361.25696800000003
1701971719.198883 -3.92000 -0.00003 6184 -15.000 -303.60958 361.25696800000003
1701971719.198883 -3.92000 -0.00003 6162 -15.000 -303.60958 361.25696800000003
1701971719.198883 -3.92000 -0.00003 6151 -15.000 -303.60958 361.25696800000003
1701971729.9629776 -3.92000 -0.00003 6155 -25.000 -303.60958 361.25696800000003
1701971729.9629776 -3.92000 -0.00003 6167 -25.000 -303.60958 361.25696800000003
1701971729.9629776 -3.92000 -0.00003 6153 -25.000 -303.60958 361.25696800000003
1701971729.9629776 -3.92000 -0.00003 6162 -25.000 -303.60958 361.25696800000003
1701971729.9629776 -3.92000 -0.00003 6166 -25.000 -303.60958 361.25696800000003
1701971741.1396794 -3.94000 -0.00003 6235 -15.000 -318.982214 371.50539100000003
1701971741.1396794 -3.94000 -0.00003 6228 -15.000 -318.982214 371.50539100000003
1701971741.1396794 -3.94000 -0.00003 6237 -15.000 -318.982214 371.50539100000003
1701971741.1396794 -3.94000 -0.00003 6251 -15.000 -318.982214 371.50539100000003
1701971741.1396794 -3.94000 -0.00003 6237 -15.000 -318.982214 371.50539100000003
1701971750.9917905 -3.94000 -0.00003 6266 -25.000 -318.982214 371.50539100000003
1701971750.9917905 -3.94000 -0.00003 6243 -25.000 -318.982214 371.50539100000003
1701971750.9917905 -3.94000 -0.00003 6227 -25.000 -318.982214 371.50539100000003
1701971750.9917905 -3.94000 -0.00003 6245 -25.000 -318.982214 371.50539100000003
1701971750.9917905 -3.94000 -0.00003 6233 -25.000 -318.982214 371.50539100000003
1701971762.2713368 -3.96000 -0.00003 6325 -15.000 -318.982214 392.002236
1701971762.2713368 -3.96000 -0.00003 6327 -15.000 -318.982214 392.002236
1701971762.2713368 -3.96000 -0.00003 6318 -15.000 -318.982214 392.002236
1701971762.2713368 -3.96000 -0.00003 6279 -15.000 -318.982214 392.002236
1701971762.2713368 -3.96000 -0.00003 6333 -15.000 -318.982214 392.002236
1701971773.0398376 -3.96000 -0.00003 6331 -25.000 -318.982214 392.002236
1701971773.0398376 -3.96000 -0.00003 6336 -25.000 -318.982214 392.002236
1701971773.0398376 -3.96000 -0.00003 6332 -25.000 -318.982214 392.002236
1701971773.0398376 -3.96000 -0.00003 6340 -25.000 -318.982214 392.002236
1701971773.0398376 -3.96000 -0.00003 6349 -25.000 -318.982214 392.002236
1701971784.208971 -3.98000 -0.00003 6405 -15.000 -303.60958 366.38118
1701971784.208971 -3.98000 -0.00003 6384 -15.000 -303.60958 366.38118
1701971784.208971 -3.98000 -0.00003 6413 -15.000 -303.60958 366.38118
1701971784.208971 -3.98000 -0.00003 6392 -15.000 -303.60958 366.38118
1701971784.208971 -3.98000 -0.00003 6396 -15.000 -303.60958 366.38118
1701971794.972736 -3.98000 -0.00003 6396 -25.000 -303.60958 366.38118
1701971794.972736 -3.98000 -0.00003 6400 -25.000 -303.60958 366.38118
1701971794.972736 -3.98000 -0.00003 6383 -25.000 -303.60958 366.38118
1701971794.972736 -3.98000 -0.00003 6414 -25.000 -303.60958 366.38118
1701971794.972736 -3.98000 -0.00003 6382 -25.000 -303.60958 366.38118
1701971806.2497423 -4.00000 -0.00003 6520 -15.000 -318.982214 381.753813
1701971806.2497423 -4.00000 -0.00003 6489 -15.000 -318.982214 381.753813
1701971806.2497423 -4.00000 -0.00003 6472 -15.000 -318.982214 381.753813
1701971806.2497423 -4.00000 -0.00003 6469 -15.000 -318.982214 381.753813
1701971806.2497423 -4.00000 -0.00003 6466 -15.000 -318.982214 381.753813
1701971817.0263314 -4.00000 -0.00003 6489 -25.000 -318.982214 381.753813
1701971817.0263314 -4.00000 -0.00003 6471 -25.000 -318.982214 381.753813
1701971817.0263314 -4.00000 -0.00003 6490 -25.000 -318.982214 381.753813
1701971817.0263314 -4.00000 -0.00003 6479 -25.000 -318.982214 381.753813
1701971817.0263314 -4.00000 -0.00003 6471 -25.000 -318.982214 381.753813
