# This is data for a Photon Count Rate vs Bias curve
# Wafer : Device	Pa231025 : R1C3
# Bias Resistor : 1040000
# PCR measure comments: MIR microwire R1C3 pix 2
# MIR microwire R1C3 pix2
# Counter setup: keysight53220A
# 	Trigger Threshhold: -60 mV
# 	Noise Rejection: False
# 	Gate integration: 0.15 s
# Pulsed ON
# 
# Cols: unixtime-[s]	 Bias-[V]	 Sense_Voltage-[V]	 Counts-[#Photons]	 Threshold-[mV]	 Min Peak Voltage-[mV]	 Peak to Peak Voltage-[mV]
1701974266.2108843 0.00000 -0.00001 0 -15.000 -11.5294773 28.1831678
1701974266.2108843 0.00000 -0.00001 0 -15.000 -11.5294773 28.1831678
1701974266.2108843 0.00000 -0.00001 0 -15.000 -11.5294773 28.1831678
1701974266.2108843 0.00000 -0.00001 0 -15.000 -11.5294773 28.1831678
1701974266.2108843 0.00000 -0.00001 0 -15.000 -11.5294773 28.1831678
1701974276.9858198 0.00000 -0.00001 0 -25.000 -11.5294773 28.1831678
1701974276.9858198 0.00000 -0.00001 0 -25.000 -11.5294773 28.1831678
1701974276.9858198 0.00000 -0.00001 0 -25.000 -11.5294773 28.1831678
1701974276.9858198 0.00000 -0.00001 0 -25.000 -11.5294773 28.1831678
1701974276.9858198 0.00000 -0.00001 0 -25.000 -11.5294773 28.1831678
1701974288.3515072 -1.50000 -0.00000 0 -15.000 -16.6536905 17.934742399999998
1701974288.3515072 -1.50000 -0.00000 0 -15.000 -16.6536905 17.934742399999998
1701974288.3515072 -1.50000 -0.00000 0 -15.000 -16.6536905 17.934742399999998
1701974288.3515072 -1.50000 -0.00000 0 -15.000 -16.6536905 17.934742399999998
1701974288.3515072 -1.50000 -0.00000 3 -15.000 -16.6536905 17.934742399999998
1701974299.0381365 -1.50000 -0.00000 0 -25.000 -16.6536905 17.934742399999998
1701974299.0381365 -1.50000 -0.00000 1 -25.000 -16.6536905 17.934742399999998
1701974299.0381365 -1.50000 -0.00000 0 -25.000 -16.6536905 17.934742399999998
1701974299.0381365 -1.50000 -0.00000 1 -25.000 -16.6536905 17.934742399999998
1701974299.0381365 -1.50000 -0.00000 1 -25.000 -16.6536905 17.934742399999998
1701974310.3926709 -1.52000 -0.00000 1 -15.000 -16.6536905 33.3073791
1701974310.3926709 -1.52000 -0.00000 1 -15.000 -16.6536905 33.3073791
1701974310.3926709 -1.52000 -0.00000 1 -15.000 -16.6536905 33.3073791
1701974310.3926709 -1.52000 -0.00000 0 -15.000 -16.6536905 33.3073791
1701974310.3926709 -1.52000 -0.00000 0 -15.000 -16.6536905 33.3073791
1701974320.9661496 -1.52000 -0.00000 0 -25.000 -16.6536905 33.3073791
1701974320.9661496 -1.52000 -0.00000 0 -25.000 -16.6536905 33.3073791
1701974320.9661496 -1.52000 -0.00000 1 -25.000 -16.6536905 33.3073791
1701974320.9661496 -1.52000 -0.00000 1 -25.000 -16.6536905 33.3073791
1701974320.9661496 -1.52000 -0.00000 1 -25.000 -16.6536905 33.3073791
1701974332.3321133 -1.54000 -0.00001 0 -15.000 -42.2747508 28.1831678
1701974332.3321133 -1.54000 -0.00001 0 -15.000 -42.2747508 28.1831678
1701974332.3321133 -1.54000 -0.00001 1 -15.000 -42.2747508 28.1831678
1701974332.3321133 -1.54000 -0.00001 0 -15.000 -42.2747508 28.1831678
1701974332.3321133 -1.54000 -0.00001 0 -15.000 -42.2747508 28.1831678
1701974343.0084867 -1.54000 -0.00001 0 -25.000 -42.2747508 28.1831678
1701974343.0084867 -1.54000 -0.00001 0 -25.000 -42.2747508 28.1831678
1701974343.0084867 -1.54000 -0.00001 0 -25.000 -42.2747508 28.1831678
1701974343.0084867 -1.54000 -0.00001 0 -25.000 -42.2747508 28.1831678
1701974343.0084867 -1.54000 -0.00001 0 -25.000 -42.2747508 28.1831678
1701974354.3726997 -1.56000 -0.00000 1 -15.000 -16.6536905 33.3073791
1701974354.3726997 -1.56000 -0.00000 0 -15.000 -16.6536905 33.3073791
1701974354.3726997 -1.56000 -0.00000 3 -15.000 -16.6536905 33.3073791
1701974354.3726997 -1.56000 -0.00000 1 -15.000 -16.6536905 33.3073791
1701974354.3726997 -1.56000 -0.00000 1 -15.000 -16.6536905 33.3073791
1701974364.9334815 -1.56000 -0.00000 0 -25.000 -16.6536905 33.3073791
1701974364.9334815 -1.56000 -0.00000 2 -25.000 -16.6536905 33.3073791
1701974364.9334815 -1.56000 -0.00000 1 -25.000 -16.6536905 33.3073791
1701974364.9334815 -1.56000 -0.00000 0 -25.000 -16.6536905 33.3073791
1701974364.9334815 -1.56000 -0.00000 0 -25.000 -16.6536905 33.3073791
1701974376.310959 -1.58000 -0.00001 2 -15.000 -11.5294773 28.1831678
1701974376.310959 -1.58000 -0.00001 0 -15.000 -11.5294773 28.1831678
1701974376.310959 -1.58000 -0.00001 1 -15.000 -11.5294773 28.1831678
1701974376.310959 -1.58000 -0.00001 0 -15.000 -11.5294773 28.1831678
1701974376.310959 -1.58000 -0.00001 1 -15.000 -11.5294773 28.1831678
1701974386.9733984 -1.58000 -0.00001 0 -25.000 -11.5294773 28.1831678
1701974386.9733984 -1.58000 -0.00001 0 -25.000 -11.5294773 28.1831678
1701974386.9733984 -1.58000 -0.00001 0 -25.000 -11.5294773 28.1831678
1701974386.9733984 -1.58000 -0.00001 1 -25.000 -11.5294773 28.1831678
1701974386.9733984 -1.58000 -0.00001 0 -25.000 -11.5294773 28.1831678
1701974398.4533684 -1.60000 -0.00001 0 -15.000 -21.7779018 48.6800158
1701974398.4533684 -1.60000 -0.00001 0 -15.000 -21.7779018 48.6800158
1701974398.4533684 -1.60000 -0.00001 0 -15.000 -21.7779018 48.6800158
1701974398.4533684 -1.60000 -0.00001 0 -15.000 -21.7779018 48.6800158
1701974398.4533684 -1.60000 -0.00001 2 -15.000 -21.7779018 48.6800158
1701974409.0271132 -1.60000 -0.00001 1 -25.000 -21.7779018 48.6800158
1701974409.0271132 -1.60000 -0.00001 0 -25.000 -21.7779018 48.6800158
1701974409.0271132 -1.60000 -0.00001 0 -25.000 -21.7779018 48.6800158
1701974409.0271132 -1.60000 -0.00001 0 -25.000 -21.7779018 48.6800158
1701974409.0271132 -1.60000 -0.00001 1 -25.000 -21.7779018 48.6800158
1701974420.2922597 -1.62000 -0.00001 0 -15.000 -16.6536905 28.1831678
1701974420.2922597 -1.62000 -0.00001 0 -15.000 -16.6536905 28.1831678
1701974420.2922597 -1.62000 -0.00001 0 -15.000 -16.6536905 28.1831678
1701974420.2922597 -1.62000 -0.00001 1 -15.000 -16.6536905 28.1831678
1701974420.2922597 -1.62000 -0.00001 0 -15.000 -16.6536905 28.1831678
1701974430.966934 -1.62000 -0.00001 0 -25.000 -16.6536905 28.1831678
1701974430.966934 -1.62000 -0.00001 1 -25.000 -16.6536905 28.1831678
1701974430.966934 -1.62000 -0.00001 0 -25.000 -16.6536905 28.1831678
1701974430.966934 -1.62000 -0.00001 3 -25.000 -16.6536905 28.1831678
1701974430.966934 -1.62000 -0.00001 0 -25.000 -16.6536905 28.1831678
1701974442.3335874 -1.64000 -0.00001 3 -15.000 -16.6536905 33.3073791
1701974442.3335874 -1.64000 -0.00001 0 -15.000 -16.6536905 33.3073791
1701974442.3335874 -1.64000 -0.00001 0 -15.000 -16.6536905 33.3073791
1701974442.3335874 -1.64000 -0.00001 1 -15.000 -16.6536905 33.3073791
1701974442.3335874 -1.64000 -0.00001 0 -15.000 -16.6536905 33.3073791
1701974453.0076568 -1.64000 -0.00001 1 -25.000 -16.6536905 33.3073791
1701974453.0076568 -1.64000 -0.00001 0 -25.000 -16.6536905 33.3073791
1701974453.0076568 -1.64000 -0.00001 0 -25.000 -16.6536905 33.3073791
1701974453.0076568 -1.64000 -0.00001 0 -25.000 -16.6536905 33.3073791
1701974453.0076568 -1.64000 -0.00001 2 -25.000 -16.6536905 33.3073791
1701974464.3725216 -1.66000 -0.00001 1 -15.000 -16.6536905 94.797926
1701974464.3725216 -1.66000 -0.00001 0 -15.000 -16.6536905 94.797926
1701974464.3725216 -1.66000 -0.00001 1 -15.000 -16.6536905 94.797926
1701974464.3725216 -1.66000 -0.00001 0 -15.000 -16.6536905 94.797926
1701974464.3725216 -1.66000 -0.00001 1 -15.000 -16.6536905 94.797926
1701974474.9345438 -1.66000 -0.00001 0 -25.000 -16.6536905 94.797926
1701974474.9345438 -1.66000 -0.00001 0 -25.000 -16.6536905 94.797926
1701974474.9345438 -1.66000 -0.00001 0 -25.000 -16.6536905 94.797926
1701974474.9345438 -1.66000 -0.00001 1 -25.000 -16.6536905 94.797926
1701974474.9345438 -1.66000 -0.00001 0 -25.000 -16.6536905 94.797926
1701974486.3124685 -1.68000 -0.00001 1 -15.000 -16.6536905 23.0589546
1701974486.3124685 -1.68000 -0.00001 0 -15.000 -16.6536905 23.0589546
1701974486.3124685 -1.68000 -0.00001 0 -15.000 -16.6536905 23.0589546
1701974486.3124685 -1.68000 -0.00001 0 -15.000 -16.6536905 23.0589546
1701974486.3124685 -1.68000 -0.00001 0 -15.000 -16.6536905 23.0589546
1701974496.886292 -1.68000 -0.00001 0 -25.000 -16.6536905 23.0589546
1701974496.886292 -1.68000 -0.00001 0 -25.000 -16.6536905 23.0589546
1701974496.886292 -1.68000 -0.00001 2 -25.000 -16.6536905 23.0589546
1701974496.886292 -1.68000 -0.00001 2 -25.000 -16.6536905 23.0589546
1701974496.886292 -1.68000 -0.00001 0 -25.000 -16.6536905 23.0589546
1701974508.3535912 -1.70000 -0.00001 0 -15.000 -16.6536905 23.0589556
1701974508.3535912 -1.70000 -0.00001 0 -15.000 -16.6536905 23.0589556
1701974508.3535912 -1.70000 -0.00001 1 -15.000 -16.6536905 23.0589556
1701974508.3535912 -1.70000 -0.00001 1 -15.000 -16.6536905 23.0589556
1701974508.3535912 -1.70000 -0.00001 0 -15.000 -16.6536905 23.0589556
1701974519.0363922 -1.70000 -0.00001 0 -25.000 -16.6536905 23.0589556
1701974519.0363922 -1.70000 -0.00001 1 -25.000 -16.6536905 23.0589556
1701974519.0363922 -1.70000 -0.00001 0 -25.000 -16.6536905 23.0589556
1701974519.0363922 -1.70000 -0.00001 1 -25.000 -16.6536905 23.0589556
1701974519.0363922 -1.70000 -0.00001 1 -25.000 -16.6536905 23.0589556
1701974530.2934365 -1.72000 -0.00001 1 -15.000 -16.6536905 33.3073791
1701974530.2934365 -1.72000 -0.00001 1 -15.000 -16.6536905 33.3073791
1701974530.2934365 -1.72000 -0.00001 1 -15.000 -16.6536905 33.3073791
1701974530.2934365 -1.72000 -0.00001 1 -15.000 -16.6536905 33.3073791
1701974530.2934365 -1.72000 -0.00001 1 -15.000 -16.6536905 33.3073791
1701974540.9545233 -1.72000 -0.00001 0 -25.000 -16.6536905 33.3073791
1701974540.9545233 -1.72000 -0.00001 0 -25.000 -16.6536905 33.3073791
1701974540.9545233 -1.72000 -0.00001 0 -25.000 -16.6536905 33.3073791
1701974540.9545233 -1.72000 -0.00001 2 -25.000 -16.6536905 33.3073791
1701974540.9545233 -1.72000 -0.00001 0 -25.000 -16.6536905 33.3073791
1701974552.3326566 -1.74000 -0.00001 4 -15.000 -16.6536905 33.3073791
1701974552.3326566 -1.74000 -0.00001 0 -15.000 -16.6536905 33.3073791
1701974552.3326566 -1.74000 -0.00001 0 -15.000 -16.6536905 33.3073791
1701974552.3326566 -1.74000 -0.00001 1 -15.000 -16.6536905 33.3073791
1701974552.3326566 -1.74000 -0.00001 0 -15.000 -16.6536905 33.3073791
1701974563.014609 -1.74000 -0.00001 0 -25.000 -16.6536905 33.3073791
1701974563.014609 -1.74000 -0.00001 0 -25.000 -16.6536905 33.3073791
1701974563.014609 -1.74000 -0.00001 0 -25.000 -16.6536905 33.3073791
1701974563.014609 -1.74000 -0.00001 0 -25.000 -16.6536905 33.3073791
1701974563.014609 -1.74000 -0.00001 0 -25.000 -16.6536905 33.3073791
1701974574.2728388 -1.76000 -0.00001 1 -15.000 -16.6536905 28.1831678
1701974574.2728388 -1.76000 -0.00001 5 -15.000 -16.6536905 28.1831678
1701974574.2728388 -1.76000 -0.00001 0 -15.000 -16.6536905 28.1831678
1701974574.2728388 -1.76000 -0.00001 2 -15.000 -16.6536905 28.1831678
1701974574.2728388 -1.76000 -0.00001 0 -15.000 -16.6536905 28.1831678
1701974584.9352171 -1.76000 -0.00001 0 -25.000 -16.6536905 28.1831678
1701974584.9352171 -1.76000 -0.00001 3 -25.000 -16.6536905 28.1831678
1701974584.9352171 -1.76000 -0.00001 1 -25.000 -16.6536905 28.1831678
1701974584.9352171 -1.76000 -0.00001 0 -25.000 -16.6536905 28.1831678
1701974584.9352171 -1.76000 -0.00001 0 -25.000 -16.6536905 28.1831678
1701974596.3143032 -1.78000 -0.00001 1 -15.000 -16.6536905 28.1831678
1701974596.3143032 -1.78000 -0.00001 0 -15.000 -16.6536905 28.1831678
1701974596.3143032 -1.78000 -0.00001 0 -15.000 -16.6536905 28.1831678
1701974596.3143032 -1.78000 -0.00001 0 -15.000 -16.6536905 28.1831678
1701974596.3143032 -1.78000 -0.00001 2 -15.000 -16.6536905 28.1831678
1701974606.9776127 -1.78000 -0.00001 1 -25.000 -16.6536905 28.1831678
1701974606.9776127 -1.78000 -0.00001 1 -25.000 -16.6536905 28.1831678
1701974606.9776127 -1.78000 -0.00001 0 -25.000 -16.6536905 28.1831678
1701974606.9776127 -1.78000 -0.00001 0 -25.000 -16.6536905 28.1831678
1701974606.9776127 -1.78000 -0.00001 0 -25.000 -16.6536905 28.1831678
1701974618.2634203 -1.80000 -0.00001 3 -15.000 -16.6536905 28.1831678
1701974618.2634203 -1.80000 -0.00001 1 -15.000 -16.6536905 28.1831678
1701974618.2634203 -1.80000 -0.00001 0 -15.000 -16.6536905 28.1831678
1701974618.2634203 -1.80000 -0.00001 0 -15.000 -16.6536905 28.1831678
1701974618.2634203 -1.80000 -0.00001 0 -15.000 -16.6536905 28.1831678
1701974629.0234888 -1.80000 -0.00001 0 -25.000 -16.6536905 28.1831678
1701974629.0234888 -1.80000 -0.00001 0 -25.000 -16.6536905 28.1831678
1701974629.0234888 -1.80000 -0.00001 0 -25.000 -16.6536905 28.1831678
1701974629.0234888 -1.80000 -0.00001 0 -25.000 -16.6536905 28.1831678
1701974629.0234888 -1.80000 -0.00001 0 -25.000 -16.6536905 28.1831678
1701974640.2947886 -1.82000 -0.00001 2 -15.000 -16.6536905 28.1831678
1701974640.2947886 -1.82000 -0.00001 1 -15.000 -16.6536905 28.1831678
1701974640.2947886 -1.82000 -0.00001 1 -15.000 -16.6536905 28.1831678
1701974640.2947886 -1.82000 -0.00001 0 -15.000 -16.6536905 28.1831678
1701974640.2947886 -1.82000 -0.00001 2 -15.000 -16.6536905 28.1831678
1701974650.9689295 -1.82000 -0.00001 1 -25.000 -16.6536905 28.1831678
1701974650.9689295 -1.82000 -0.00001 1 -25.000 -16.6536905 28.1831678
1701974650.9689295 -1.82000 -0.00001 0 -25.000 -16.6536905 28.1831678
1701974650.9689295 -1.82000 -0.00001 1 -25.000 -16.6536905 28.1831678
1701974650.9689295 -1.82000 -0.00001 0 -25.000 -16.6536905 28.1831678
1701974662.335008 -1.84000 -0.00001 1 -15.000 -16.6536905 33.307381
1701974662.335008 -1.84000 -0.00001 2 -15.000 -16.6536905 33.307381
1701974662.335008 -1.84000 -0.00001 1 -15.000 -16.6536905 33.307381
1701974662.335008 -1.84000 -0.00001 1 -15.000 -16.6536905 33.307381
1701974662.335008 -1.84000 -0.00001 1 -15.000 -16.6536905 33.307381
1701974673.0074823 -1.84000 -0.00001 1 -25.000 -16.6536905 33.307381
1701974673.0074823 -1.84000 -0.00001 0 -25.000 -16.6536905 33.307381
1701974673.0074823 -1.84000 -0.00001 0 -25.000 -16.6536905 33.307381
1701974673.0074823 -1.84000 -0.00001 0 -25.000 -16.6536905 33.307381
1701974673.0074823 -1.84000 -0.00001 0 -25.000 -16.6536905 33.307381
1701974684.3752296 -1.86000 -0.00001 3 -15.000 -11.5294773 94.797926
1701974684.3752296 -1.86000 -0.00001 1 -15.000 -11.5294773 94.797926
1701974684.3752296 -1.86000 -0.00001 0 -15.000 -11.5294773 94.797926
1701974684.3752296 -1.86000 -0.00001 0 -15.000 -11.5294773 94.797926
1701974684.3752296 -1.86000 -0.00001 0 -15.000 -11.5294773 94.797926
1701974694.936654 -1.86000 -0.00001 0 -25.000 -11.5294773 94.797926
1701974694.936654 -1.86000 -0.00001 2 -25.000 -11.5294773 94.797926
1701974694.936654 -1.86000 -0.00001 1 -25.000 -11.5294773 94.797926
1701974694.936654 -1.86000 -0.00001 0 -25.000 -11.5294773 94.797926
1701974694.936654 -1.86000 -0.00001 0 -25.000 -11.5294773 94.797926
1701974706.3149822 -1.88000 -0.00001 0 -15.000 -16.6536905 23.0589556
1701974706.3149822 -1.88000 -0.00001 1 -15.000 -16.6536905 23.0589556
1701974706.3149822 -1.88000 -0.00001 1 -15.000 -16.6536905 23.0589556
1701974706.3149822 -1.88000 -0.00001 0 -15.000 -16.6536905 23.0589556
1701974706.3149822 -1.88000 -0.00001 0 -15.000 -16.6536905 23.0589556
1701974716.9899507 -1.88000 -0.00001 3 -25.000 -16.6536905 23.0589556
1701974716.9899507 -1.88000 -0.00001 2 -25.000 -16.6536905 23.0589556
1701974716.9899507 -1.88000 -0.00001 1 -25.000 -16.6536905 23.0589556
1701974716.9899507 -1.88000 -0.00001 1 -25.000 -16.6536905 23.0589556
1701974716.9899507 -1.88000 -0.00001 1 -25.000 -16.6536905 23.0589556
1701974728.364531 -1.90000 -0.00001 3 -15.000 -16.6536905 28.1831678
1701974728.364531 -1.90000 -0.00001 1 -15.000 -16.6536905 28.1831678
1701974728.364531 -1.90000 -0.00001 1 -15.000 -16.6536905 28.1831678
1701974728.364531 -1.90000 -0.00001 0 -15.000 -16.6536905 28.1831678
1701974728.364531 -1.90000 -0.00001 1 -15.000 -16.6536905 28.1831678
1701974739.0290225 -1.90000 -0.00001 0 -25.000 -16.6536905 28.1831678
1701974739.0290225 -1.90000 -0.00001 2 -25.000 -16.6536905 28.1831678
1701974739.0290225 -1.90000 -0.00001 0 -25.000 -16.6536905 28.1831678
1701974739.0290225 -1.90000 -0.00001 0 -25.000 -16.6536905 28.1831678
1701974739.0290225 -1.90000 -0.00001 0 -25.000 -16.6536905 28.1831678
1701974750.2939057 -1.92000 -0.00001 0 -15.000 -16.6536905 43.555805500000005
1701974750.2939057 -1.92000 -0.00001 0 -15.000 -16.6536905 43.555805500000005
1701974750.2939057 -1.92000 -0.00001 1 -15.000 -16.6536905 43.555805500000005
1701974750.2939057 -1.92000 -0.00001 0 -15.000 -16.6536905 43.555805500000005
1701974750.2939057 -1.92000 -0.00001 2 -15.000 -16.6536905 43.555805500000005
1701974760.9551392 -1.92000 -0.00001 1 -25.000 -16.6536905 43.555805500000005
1701974760.9551392 -1.92000 -0.00001 0 -25.000 -16.6536905 43.555805500000005
1701974760.9551392 -1.92000 -0.00001 1 -25.000 -16.6536905 43.555805500000005
1701974760.9551392 -1.92000 -0.00001 0 -25.000 -16.6536905 43.555805500000005
1701974760.9551392 -1.92000 -0.00001 2 -25.000 -16.6536905 43.555805500000005
1701974772.333509 -1.94000 -0.00001 0 -15.000 -16.6536905 94.797926
1701974772.333509 -1.94000 -0.00001 1 -15.000 -16.6536905 94.797926
1701974772.333509 -1.94000 -0.00001 1 -15.000 -16.6536905 94.797926
1701974772.333509 -1.94000 -0.00001 0 -15.000 -16.6536905 94.797926
1701974772.333509 -1.94000 -0.00001 1 -15.000 -16.6536905 94.797926
1701974783.0073593 -1.94000 -0.00001 1 -25.000 -16.6536905 94.797926
1701974783.0073593 -1.94000 -0.00001 0 -25.000 -16.6536905 94.797926
1701974783.0073593 -1.94000 -0.00001 0 -25.000 -16.6536905 94.797926
1701974783.0073593 -1.94000 -0.00001 0 -25.000 -16.6536905 94.797926
1701974783.0073593 -1.94000 -0.00001 0 -25.000 -16.6536905 94.797926
1701974794.3740084 -1.96000 -0.00001 1 -15.000 -16.6536905 23.0589556
1701974794.3740084 -1.96000 -0.00001 1 -15.000 -16.6536905 23.0589556
1701974794.3740084 -1.96000 -0.00001 0 -15.000 -16.6536905 23.0589556
1701974794.3740084 -1.96000 -0.00001 0 -15.000 -16.6536905 23.0589556
1701974794.3740084 -1.96000 -0.00001 0 -15.000 -16.6536905 23.0589556
1701974804.9352727 -1.96000 -0.00001 2 -25.000 -16.6536905 23.0589556
1701974804.9352727 -1.96000 -0.00001 0 -25.000 -16.6536905 23.0589556
1701974804.9352727 -1.96000 -0.00001 0 -25.000 -16.6536905 23.0589556
1701974804.9352727 -1.96000 -0.00001 2 -25.000 -16.6536905 23.0589556
1701974804.9352727 -1.96000 -0.00001 0 -25.000 -16.6536905 23.0589556
1701974816.3163493 -1.98000 -0.00001 0 -15.000 -21.7779018 28.1831678
1701974816.3163493 -1.98000 -0.00001 1 -15.000 -21.7779018 28.1831678
1701974816.3163493 -1.98000 -0.00001 3 -15.000 -21.7779018 28.1831678
1701974816.3163493 -1.98000 -0.00001 1 -15.000 -21.7779018 28.1831678
1701974816.3163493 -1.98000 -0.00001 2 -15.000 -21.7779018 28.1831678
1701974826.9863846 -1.98000 -0.00001 1 -25.000 -21.7779018 28.1831678
1701974826.9863846 -1.98000 -0.00001 0 -25.000 -21.7779018 28.1831678
1701974826.9863846 -1.98000 -0.00001 5 -25.000 -21.7779018 28.1831678
1701974826.9863846 -1.98000 -0.00001 0 -25.000 -21.7779018 28.1831678
1701974826.9863846 -1.98000 -0.00001 1 -25.000 -21.7779018 28.1831678
1701974838.3531437 -2.00000 -0.00001 1 -15.000 -16.6536905 28.1831678
1701974838.3531437 -2.00000 -0.00001 2 -15.000 -16.6536905 28.1831678
1701974838.3531437 -2.00000 -0.00001 3 -15.000 -16.6536905 28.1831678
1701974838.3531437 -2.00000 -0.00001 1 -15.000 -16.6536905 28.1831678
1701974838.3531437 -2.00000 -0.00001 1 -15.000 -16.6536905 28.1831678
1701974849.02837 -2.00000 -0.00001 0 -25.000 -16.6536905 28.1831678
1701974849.02837 -2.00000 -0.00001 1 -25.000 -16.6536905 28.1831678
1701974849.02837 -2.00000 -0.00001 0 -25.000 -16.6536905 28.1831678
1701974849.02837 -2.00000 -0.00001 0 -25.000 -16.6536905 28.1831678
1701974849.02837 -2.00000 -0.00001 2 -25.000 -16.6536905 28.1831678
1701974860.292396 -2.02000 -0.00001 2 -15.000 -16.6536905 33.307381
1701974860.292396 -2.02000 -0.00001 3 -15.000 -16.6536905 33.307381
1701974860.292396 -2.02000 -0.00001 0 -15.000 -16.6536905 33.307381
1701974860.292396 -2.02000 -0.00001 0 -15.000 -16.6536905 33.307381
1701974860.292396 -2.02000 -0.00001 0 -15.000 -16.6536905 33.307381
1701974870.954284 -2.02000 -0.00001 1 -25.000 -16.6536905 33.307381
1701974870.954284 -2.02000 -0.00001 1 -25.000 -16.6536905 33.307381
1701974870.954284 -2.02000 -0.00001 1 -25.000 -16.6536905 33.307381
1701974870.954284 -2.02000 -0.00001 1 -25.000 -16.6536905 33.307381
1701974870.954284 -2.02000 -0.00001 2 -25.000 -16.6536905 33.307381
1701974882.3408182 -2.04000 -0.00001 1 -15.000 -32.0263281 33.307381
1701974882.3408182 -2.04000 -0.00001 4 -15.000 -32.0263281 33.307381
1701974882.3408182 -2.04000 -0.00001 1 -15.000 -32.0263281 33.307381
1701974882.3408182 -2.04000 -0.00001 2 -15.000 -32.0263281 33.307381
1701974882.3408182 -2.04000 -0.00001 0 -15.000 -32.0263281 33.307381
1701974893.0074248 -2.04000 -0.00001 1 -25.000 -32.0263281 33.307381
1701974893.0074248 -2.04000 -0.00001 0 -25.000 -32.0263281 33.307381
1701974893.0074248 -2.04000 -0.00001 1 -25.000 -32.0263281 33.307381
1701974893.0074248 -2.04000 -0.00001 0 -25.000 -32.0263281 33.307381
1701974893.0074248 -2.04000 -0.00001 1 -25.000 -32.0263281 33.307381
1701974904.372672 -2.06000 -0.00001 0 -15.000 -16.6536905 58.9284413
1701974904.372672 -2.06000 -0.00001 0 -15.000 -16.6536905 58.9284413
1701974904.372672 -2.06000 -0.00001 2 -15.000 -16.6536905 58.9284413
1701974904.372672 -2.06000 -0.00001 4 -15.000 -16.6536905 58.9284413
1701974904.372672 -2.06000 -0.00001 1 -15.000 -16.6536905 58.9284413
1701974914.9336054 -2.06000 -0.00001 0 -25.000 -16.6536905 58.9284413
1701974914.9336054 -2.06000 -0.00001 1 -25.000 -16.6536905 58.9284413
1701974914.9336054 -2.06000 -0.00001 1 -25.000 -16.6536905 58.9284413
1701974914.9336054 -2.06000 -0.00001 3 -25.000 -16.6536905 58.9284413
1701974914.9336054 -2.06000 -0.00001 0 -25.000 -16.6536905 58.9284413
1701974926.3125906 -2.08000 -0.00001 2 -15.000 -88.39265999999999 23.0589556
1701974926.3125906 -2.08000 -0.00001 0 -15.000 -88.39265999999999 23.0589556
1701974926.3125906 -2.08000 -0.00001 0 -15.000 -88.39265999999999 23.0589556
1701974926.3125906 -2.08000 -0.00001 2 -15.000 -88.39265999999999 23.0589556
1701974926.3125906 -2.08000 -0.00001 1 -15.000 -88.39265999999999 23.0589556
1701974936.9746273 -2.08000 -0.00001 2 -25.000 -88.39265999999999 23.0589556
1701974936.9746273 -2.08000 -0.00001 1 -25.000 -88.39265999999999 23.0589556
1701974936.9746273 -2.08000 -0.00001 3 -25.000 -88.39265999999999 23.0589556
1701974936.9746273 -2.08000 -0.00001 0 -25.000 -88.39265999999999 23.0589556
1701974936.9746273 -2.08000 -0.00001 0 -25.000 -88.39265999999999 23.0589556
1701974948.2513127 -2.10000 -0.00001 1 -15.000 -16.6536905 28.1831678
1701974948.2513127 -2.10000 -0.00001 2 -15.000 -16.6536905 28.1831678
1701974948.2513127 -2.10000 -0.00001 1 -15.000 -16.6536905 28.1831678
1701974948.2513127 -2.10000 -0.00001 1 -15.000 -16.6536905 28.1831678
1701974948.2513127 -2.10000 -0.00001 1 -15.000 -16.6536905 28.1831678
1701974959.015663 -2.10000 -0.00001 1 -25.000 -16.6536905 28.1831678
1701974959.015663 -2.10000 -0.00001 2 -25.000 -16.6536905 28.1831678
1701974959.015663 -2.10000 -0.00001 2 -25.000 -16.6536905 28.1831678
1701974959.015663 -2.10000 -0.00001 2 -25.000 -16.6536905 28.1831678
1701974959.015663 -2.10000 -0.00001 0 -25.000 -16.6536905 28.1831678
1701974970.2923105 -2.12000 -0.00001 4 -15.000 -124.262147 115.294779
1701974970.2923105 -2.12000 -0.00001 2 -15.000 -124.262147 115.294779
1701974970.2923105 -2.12000 -0.00001 1 -15.000 -124.262147 115.294779
1701974970.2923105 -2.12000 -0.00001 1 -15.000 -124.262147 115.294779
1701974970.2923105 -2.12000 -0.00001 2 -15.000 -124.262147 115.294779
1701974980.9655774 -2.12000 -0.00001 4 -25.000 -124.262147 115.294779
1701974980.9655774 -2.12000 -0.00001 0 -25.000 -124.262147 115.294779
1701974980.9655774 -2.12000 -0.00001 2 -25.000 -124.262147 115.294779
1701974980.9655774 -2.12000 -0.00001 3 -25.000 -124.262147 115.294779
1701974980.9655774 -2.12000 -0.00001 2 -25.000 -124.262147 115.294779
1701974992.3313963 -2.14000 -0.00001 3 -15.000 -21.7779018 43.555805500000005
1701974992.3313963 -2.14000 -0.00001 3 -15.000 -21.7779018 43.555805500000005
1701974992.3313963 -2.14000 -0.00001 4 -15.000 -21.7779018 43.555805500000005
1701974992.3313963 -2.14000 -0.00001 5 -15.000 -21.7779018 43.555805500000005
1701974992.3313963 -2.14000 -0.00001 4 -15.000 -21.7779018 43.555805500000005
1701975003.0182765 -2.14000 -0.00001 3 -25.000 -21.7779018 43.555805500000005
1701975003.0182765 -2.14000 -0.00001 1 -25.000 -21.7779018 43.555805500000005
1701975003.0182765 -2.14000 -0.00001 2 -25.000 -21.7779018 43.555805500000005
1701975003.0182765 -2.14000 -0.00001 1 -25.000 -21.7779018 43.555805500000005
1701975003.0182765 -2.14000 -0.00001 3 -25.000 -21.7779018 43.555805500000005
1701975014.372393 -2.16000 -0.00001 1 -15.000 -21.7779018 33.307381
1701975014.372393 -2.16000 -0.00001 2 -15.000 -21.7779018 33.307381
1701975014.372393 -2.16000 -0.00001 3 -15.000 -21.7779018 33.307381
1701975014.372393 -2.16000 -0.00001 2 -15.000 -21.7779018 33.307381
1701975014.372393 -2.16000 -0.00001 1 -15.000 -21.7779018 33.307381
1701975024.9335997 -2.16000 -0.00001 2 -25.000 -21.7779018 33.307381
1701975024.9335997 -2.16000 -0.00001 5 -25.000 -21.7779018 33.307381
1701975024.9335997 -2.16000 -0.00001 2 -25.000 -21.7779018 33.307381
1701975024.9335997 -2.16000 -0.00001 4 -25.000 -21.7779018 33.307381
1701975024.9335997 -2.16000 -0.00001 2 -25.000 -21.7779018 33.307381
1701975036.311366 -2.18000 -0.00001 3 -15.000 -16.6536905 64.05265440000001
1701975036.311366 -2.18000 -0.00001 2 -15.000 -16.6536905 64.05265440000001
1701975036.311366 -2.18000 -0.00001 2 -15.000 -16.6536905 64.05265440000001
1701975036.311366 -2.18000 -0.00001 1 -15.000 -16.6536905 64.05265440000001
1701975036.311366 -2.18000 -0.00001 4 -15.000 -16.6536905 64.05265440000001
1701975046.9737017 -2.18000 -0.00001 5 -25.000 -16.6536905 64.05265440000001
1701975046.9737017 -2.18000 -0.00001 4 -25.000 -16.6536905 64.05265440000001
1701975046.9737017 -2.18000 -0.00001 1 -25.000 -16.6536905 64.05265440000001
1701975046.9737017 -2.18000 -0.00001 2 -25.000 -16.6536905 64.05265440000001
1701975046.9737017 -2.18000 -0.00001 2 -25.000 -16.6536905 64.05265440000001
1701975058.3509443 -2.20000 -0.00001 6 -15.000 -62.7716035 69.1768685
1701975058.3509443 -2.20000 -0.00001 2 -15.000 -62.7716035 69.1768685
1701975058.3509443 -2.20000 -0.00001 4 -15.000 -62.7716035 69.1768685
1701975058.3509443 -2.20000 -0.00001 2 -15.000 -62.7716035 69.1768685
1701975058.3509443 -2.20000 -0.00001 5 -15.000 -62.7716035 69.1768685
1701975069.0125043 -2.20000 -0.00001 2 -25.000 -62.7716035 69.1768685
1701975069.0125043 -2.20000 -0.00001 3 -25.000 -62.7716035 69.1768685
1701975069.0125043 -2.20000 -0.00001 5 -25.000 -62.7716035 69.1768685
1701975069.0125043 -2.20000 -0.00001 3 -25.000 -62.7716035 69.1768685
1701975069.0125043 -2.20000 -0.00001 3 -25.000 -62.7716035 69.1768685
1701975080.290842 -2.22000 -0.00001 12 -15.000 -144.758999 48.680016800000004
1701975080.290842 -2.22000 -0.00001 7 -15.000 -144.758999 48.680016800000004
1701975080.290842 -2.22000 -0.00001 8 -15.000 -144.758999 48.680016800000004
1701975080.290842 -2.22000 -0.00001 3 -15.000 -144.758999 48.680016800000004
1701975080.290842 -2.22000 -0.00001 11 -15.000 -144.758999 48.680016800000004
1701975090.9643562 -2.22000 -0.00001 4 -25.000 -144.758999 48.680016800000004
1701975090.9643562 -2.22000 -0.00001 8 -25.000 -144.758999 48.680016800000004
1701975090.9643562 -2.22000 -0.00001 8 -25.000 -144.758999 48.680016800000004
1701975090.9643562 -2.22000 -0.00001 5 -25.000 -144.758999 48.680016800000004
1701975090.9643562 -2.22000 -0.00001 6 -25.000 -144.758999 48.680016800000004
1701975102.3317215 -2.24000 -0.00001 6 -15.000 -78.1442374 156.288479
1701975102.3317215 -2.24000 -0.00001 7 -15.000 -78.1442374 156.288479
1701975102.3317215 -2.24000 -0.00001 8 -15.000 -78.1442374 156.288479
1701975102.3317215 -2.24000 -0.00001 9 -15.000 -78.1442374 156.288479
1701975102.3317215 -2.24000 -0.00001 4 -15.000 -78.1442374 156.288479
1701975113.0066211 -2.24000 -0.00001 4 -25.000 -78.1442374 156.288479
1701975113.0066211 -2.24000 -0.00001 7 -25.000 -78.1442374 156.288479
1701975113.0066211 -2.24000 -0.00001 9 -25.000 -78.1442374 156.288479
1701975113.0066211 -2.24000 -0.00001 9 -25.000 -78.1442374 156.288479
1701975113.0066211 -2.24000 -0.00001 8 -25.000 -78.1442374 156.288479
1701975124.3712325 -2.26000 -0.00001 13 -15.000 -37.1505395 166.536901
1701975124.3712325 -2.26000 -0.00001 6 -15.000 -37.1505395 166.536901
1701975124.3712325 -2.26000 -0.00001 5 -15.000 -37.1505395 166.536901
1701975124.3712325 -2.26000 -0.00001 9 -15.000 -37.1505395 166.536901
1701975124.3712325 -2.26000 -0.00001 12 -15.000 -37.1505395 166.536901
1701975134.9325137 -2.26000 -0.00001 12 -25.000 -37.1505395 166.536901
1701975134.9325137 -2.26000 -0.00001 8 -25.000 -37.1505395 166.536901
1701975134.9325137 -2.26000 -0.00001 11 -25.000 -37.1505395 166.536901
1701975134.9325137 -2.26000 -0.00001 7 -25.000 -37.1505395 166.536901
1701975134.9325137 -2.26000 -0.00001 14 -25.000 -37.1505395 166.536901
1701975146.3112338 -2.28000 -0.00001 12 -15.000 -114.013724 176.785324
1701975146.3112338 -2.28000 -0.00001 13 -15.000 -114.013724 176.785324
1701975146.3112338 -2.28000 -0.00001 16 -15.000 -114.013724 176.785324
1701975146.3112338 -2.28000 -0.00001 13 -15.000 -114.013724 176.785324
1701975146.3112338 -2.28000 -0.00001 19 -15.000 -114.013724 176.785324
1701975156.9861426 -2.28000 -0.00001 16 -25.000 -114.013724 176.785324
1701975156.9861426 -2.28000 -0.00001 13 -25.000 -114.013724 176.785324
1701975156.9861426 -2.28000 -0.00001 11 -25.000 -114.013724 176.785324
1701975156.9861426 -2.28000 -0.00001 19 -25.000 -114.013724 176.785324
1701975156.9861426 -2.28000 -0.00001 15 -25.000 -114.013724 176.785324
1701975168.250091 -2.30000 -0.00001 17 -15.000 -119.137935 53.8042299
1701975168.250091 -2.30000 -0.00001 22 -15.000 -119.137935 53.8042299
1701975168.250091 -2.30000 -0.00001 15 -15.000 -119.137935 53.8042299
1701975168.250091 -2.30000 -0.00001 14 -15.000 -119.137935 53.8042299
1701975168.250091 -2.30000 -0.00001 17 -15.000 -119.137935 53.8042299
1701975179.0247848 -2.30000 -0.00001 16 -25.000 -119.137935 53.8042299
1701975179.0247848 -2.30000 -0.00001 14 -25.000 -119.137935 53.8042299
1701975179.0247848 -2.30000 -0.00001 21 -25.000 -119.137935 53.8042299
1701975179.0247848 -2.30000 -0.00001 16 -25.000 -119.137935 53.8042299
1701975179.0247848 -2.30000 -0.00001 18 -25.000 -119.137935 53.8042299
1701975190.1899996 -2.32000 -0.00001 31 -15.000 -155.00742200000002 176.785324
1701975190.1899996 -2.32000 -0.00001 22 -15.000 -155.00742200000002 176.785324
1701975190.1899996 -2.32000 -0.00001 25 -15.000 -155.00742200000002 176.785324
1701975190.1899996 -2.32000 -0.00001 25 -15.000 -155.00742200000002 176.785324
1701975190.1899996 -2.32000 -0.00001 15 -15.000 -155.00742200000002 176.785324
1701975200.9535718 -2.32000 -0.00001 21 -25.000 -155.00742200000002 176.785324
1701975200.9535718 -2.32000 -0.00001 33 -25.000 -155.00742200000002 176.785324
1701975200.9535718 -2.32000 -0.00001 29 -25.000 -155.00742200000002 176.785324
1701975200.9535718 -2.32000 -0.00001 27 -25.000 -155.00742200000002 176.785324
1701975200.9535718 -2.32000 -0.00001 26 -25.000 -155.00742200000002 176.785324
1701975212.331212 -2.34000 -0.00001 25 -15.000 -155.00742200000002 176.785324
1701975212.331212 -2.34000 -0.00001 49 -15.000 -155.00742200000002 176.785324
1701975212.331212 -2.34000 -0.00001 35 -15.000 -155.00742200000002 176.785324
1701975212.331212 -2.34000 -0.00001 25 -15.000 -155.00742200000002 176.785324
1701975212.331212 -2.34000 -0.00001 32 -15.000 -155.00742200000002 176.785324
1701975223.0191448 -2.34000 -0.00001 26 -25.000 -155.00742200000002 176.785324
1701975223.0191448 -2.34000 -0.00001 32 -25.000 -155.00742200000002 176.785324
1701975223.0191448 -2.34000 -0.00001 24 -25.000 -155.00742200000002 176.785324
1701975223.0191448 -2.34000 -0.00001 23 -25.000 -155.00742200000002 176.785324
1701975223.0191448 -2.34000 -0.00001 28 -25.000 -155.00742200000002 176.785324
1701975234.1698766 -2.36000 -0.00001 47 -15.000 -155.00742200000002 181.909535
1701975234.1698766 -2.36000 -0.00001 33 -15.000 -155.00742200000002 181.909535
1701975234.1698766 -2.36000 -0.00001 31 -15.000 -155.00742200000002 181.909535
1701975234.1698766 -2.36000 -0.00001 39 -15.000 -155.00742200000002 181.909535
1701975234.1698766 -2.36000 -0.00001 31 -15.000 -155.00742200000002 181.909535
1701975244.933707 -2.36000 -0.00001 38 -25.000 -155.00742200000002 181.909535
1701975244.933707 -2.36000 -0.00001 44 -25.000 -155.00742200000002 181.909535
1701975244.933707 -2.36000 -0.00001 39 -25.000 -155.00742200000002 181.909535
1701975244.933707 -2.36000 -0.00001 44 -25.000 -155.00742200000002 181.909535
1701975244.933707 -2.36000 -0.00001 39 -25.000 -155.00742200000002 181.909535
1701975256.2112474 -2.38000 -0.00001 61 -15.000 -160.131633 187.033748
1701975256.2112474 -2.38000 -0.00001 49 -15.000 -160.131633 187.033748
1701975256.2112474 -2.38000 -0.00001 49 -15.000 -160.131633 187.033748
1701975256.2112474 -2.38000 -0.00001 46 -15.000 -160.131633 187.033748
1701975256.2112474 -2.38000 -0.00001 45 -15.000 -160.131633 187.033748
1701975266.9862258 -2.38000 -0.00001 60 -25.000 -160.131633 187.033748
1701975266.9862258 -2.38000 -0.00001 51 -25.000 -160.131633 187.033748
1701975266.9862258 -2.38000 -0.00001 44 -25.000 -160.131633 187.033748
1701975266.9862258 -2.38000 -0.00001 53 -25.000 -160.131633 187.033748
1701975266.9862258 -2.38000 -0.00001 48 -25.000 -160.131633 187.033748
1701975278.3520107 -2.40000 -0.00001 72 -15.000 -160.131633 192.15796
1701975278.3520107 -2.40000 -0.00001 58 -15.000 -160.131633 192.15796
1701975278.3520107 -2.40000 -0.00001 61 -15.000 -160.131633 192.15796
1701975278.3520107 -2.40000 -0.00001 53 -15.000 -160.131633 192.15796
1701975278.3520107 -2.40000 -0.00001 53 -15.000 -160.131633 192.15796
1701975288.9130733 -2.40000 -0.00001 45 -25.000 -160.131633 192.15796
1701975288.9130733 -2.40000 -0.00001 58 -25.000 -160.131633 192.15796
1701975288.9130733 -2.40000 -0.00001 51 -25.000 -160.131633 192.15796
1701975288.9130733 -2.40000 -0.00001 62 -25.000 -160.131633 192.15796
1701975288.9130733 -2.40000 -0.00001 59 -25.000 -160.131633 192.15796
1701975300.294354 -2.42000 -0.00001 75 -15.000 -165.25584500000002 192.15796
1701975300.294354 -2.42000 -0.00001 68 -15.000 -165.25584500000002 192.15796
1701975300.294354 -2.42000 -0.00001 75 -15.000 -165.25584500000002 192.15796
1701975300.294354 -2.42000 -0.00001 76 -15.000 -165.25584500000002 192.15796
1701975300.294354 -2.42000 -0.00001 85 -15.000 -165.25584500000002 192.15796
1701975310.9527001 -2.42000 -0.00001 87 -25.000 -165.25584500000002 192.15796
1701975310.9527001 -2.42000 -0.00001 80 -25.000 -165.25584500000002 192.15796
1701975310.9527001 -2.42000 -0.00001 74 -25.000 -165.25584500000002 192.15796
1701975310.9527001 -2.42000 -0.00001 70 -25.000 -165.25584500000002 192.15796
1701975310.9527001 -2.42000 -0.00001 75 -25.000 -165.25584500000002 192.15796
1701975322.3316615 -2.44000 -0.00001 80 -15.000 -165.25584500000002 192.15796
1701975322.3316615 -2.44000 -0.00001 72 -15.000 -165.25584500000002 192.15796
1701975322.3316615 -2.44000 -0.00001 109 -15.000 -165.25584500000002 192.15796
1701975322.3316615 -2.44000 -0.00001 73 -15.000 -165.25584500000002 192.15796
1701975322.3316615 -2.44000 -0.00001 106 -15.000 -165.25584500000002 192.15796
1701975333.0065086 -2.44000 -0.00001 104 -25.000 -165.25584500000002 192.15796
1701975333.0065086 -2.44000 -0.00001 88 -25.000 -165.25584500000002 192.15796
1701975333.0065086 -2.44000 -0.00001 90 -25.000 -165.25584500000002 192.15796
1701975333.0065086 -2.44000 -0.00001 103 -25.000 -165.25584500000002 192.15796
1701975333.0065086 -2.44000 -0.00001 92 -25.000 -165.25584500000002 192.15796
1701975344.2716117 -2.46000 -0.00001 112 -15.000 -170.380056 197.282171
1701975344.2716117 -2.46000 -0.00001 105 -15.000 -170.380056 197.282171
1701975344.2716117 -2.46000 -0.00001 100 -15.000 -170.380056 197.282171
1701975344.2716117 -2.46000 -0.00001 117 -15.000 -170.380056 197.282171
1701975344.2716117 -2.46000 -0.00001 106 -15.000 -170.380056 197.282171
1701975354.9325485 -2.46000 -0.00001 102 -25.000 -170.380056 197.282171
1701975354.9325485 -2.46000 -0.00001 87 -25.000 -170.380056 197.282171
1701975354.9325485 -2.46000 -0.00001 93 -25.000 -170.380056 197.282171
1701975354.9325485 -2.46000 -0.00001 100 -25.000 -170.380056 197.282171
1701975354.9325485 -2.46000 -0.00001 121 -25.000 -170.380056 197.282171
1701975366.2109332 -2.48000 -0.00001 98 -15.000 -170.380056 197.282171
1701975366.2109332 -2.48000 -0.00001 114 -15.000 -170.380056 197.282171
1701975366.2109332 -2.48000 -0.00001 138 -15.000 -170.380056 197.282171
1701975366.2109332 -2.48000 -0.00001 131 -15.000 -170.380056 197.282171
1701975366.2109332 -2.48000 -0.00001 122 -15.000 -170.380056 197.282171
1701975376.9863214 -2.48000 -0.00001 142 -25.000 -170.380056 197.282171
1701975376.9863214 -2.48000 -0.00001 133 -25.000 -170.380056 197.282171
1701975376.9863214 -2.48000 -0.00001 109 -25.000 -170.380056 197.282171
1701975376.9863214 -2.48000 -0.00001 116 -25.000 -170.380056 197.282171
1701975376.9863214 -2.48000 -0.00001 127 -25.000 -170.380056 197.282171
1701975388.2515867 -2.50000 -0.00001 140 -15.000 -170.380056 197.282171
1701975388.2515867 -2.50000 -0.00001 140 -15.000 -170.380056 197.282171
1701975388.2515867 -2.50000 -0.00001 116 -15.000 -170.380056 197.282171
1701975388.2515867 -2.50000 -0.00001 127 -15.000 -170.380056 197.282171
1701975388.2515867 -2.50000 -0.00001 142 -15.000 -170.380056 197.282171
1701975398.9125295 -2.50000 -0.00001 161 -25.000 -170.380056 197.282171
1701975398.9125295 -2.50000 -0.00001 159 -25.000 -170.380056 197.282171
1701975398.9125295 -2.50000 -0.00001 131 -25.000 -170.380056 197.282171
1701975398.9125295 -2.50000 -0.00001 172 -25.000 -170.380056 197.282171
1701975398.9125295 -2.50000 -0.00001 144 -25.000 -170.380056 197.282171
1701975410.291546 -2.52000 -0.00001 179 -15.000 -175.504267 202.406382
1701975410.291546 -2.52000 -0.00001 184 -15.000 -175.504267 202.406382
1701975410.291546 -2.52000 -0.00001 170 -15.000 -175.504267 202.406382
1701975410.291546 -2.52000 -0.00001 171 -15.000 -175.504267 202.406382
1701975410.291546 -2.52000 -0.00001 157 -15.000 -175.504267 202.406382
1701975420.9533663 -2.52000 -0.00001 157 -25.000 -175.504267 202.406382
1701975420.9533663 -2.52000 -0.00001 167 -25.000 -175.504267 202.406382
1701975420.9533663 -2.52000 -0.00001 182 -25.000 -175.504267 202.406382
1701975420.9533663 -2.52000 -0.00001 185 -25.000 -175.504267 202.406382
1701975420.9533663 -2.52000 -0.00001 163 -25.000 -175.504267 202.406382
1701975432.231704 -2.54000 -0.00001 187 -15.000 -180.628479 207.530595
1701975432.231704 -2.54000 -0.00001 197 -15.000 -180.628479 207.530595
1701975432.231704 -2.54000 -0.00001 208 -15.000 -180.628479 207.530595
1701975432.231704 -2.54000 -0.00001 191 -15.000 -180.628479 207.530595
1701975432.231704 -2.54000 -0.00001 206 -15.000 -180.628479 207.530595
1701975443.0138958 -2.54000 -0.00001 194 -25.000 -180.628479 207.530595
1701975443.0138958 -2.54000 -0.00001 202 -25.000 -180.628479 207.530595
1701975443.0138958 -2.54000 -0.00001 204 -25.000 -180.628479 207.530595
1701975443.0138958 -2.54000 -0.00001 207 -25.000 -180.628479 207.530595
1701975443.0138958 -2.54000 -0.00001 178 -25.000 -180.628479 207.530595
1701975454.2714603 -2.56000 -0.00001 222 -15.000 -180.628479 212.654807
1701975454.2714603 -2.56000 -0.00001 225 -15.000 -180.628479 212.654807
1701975454.2714603 -2.56000 -0.00001 222 -15.000 -180.628479 212.654807
1701975454.2714603 -2.56000 -0.00001 233 -15.000 -180.628479 212.654807
1701975454.2714603 -2.56000 -0.00001 227 -15.000 -180.628479 212.654807
1701975464.9340925 -2.56000 -0.00001 214 -25.000 -180.628479 212.654807
1701975464.9340925 -2.56000 -0.00001 207 -25.000 -180.628479 212.654807
1701975464.9340925 -2.56000 -0.00001 229 -25.000 -180.628479 212.654807
1701975464.9340925 -2.56000 -0.00001 219 -25.000 -180.628479 212.654807
1701975464.9340925 -2.56000 -0.00001 207 -25.000 -180.628479 212.654807
1701975476.3127787 -2.58000 -0.00001 201 -15.000 -180.628479 212.654807
1701975476.3127787 -2.58000 -0.00001 228 -15.000 -180.628479 212.654807
1701975476.3127787 -2.58000 -0.00001 239 -15.000 -180.628479 212.654807
1701975476.3127787 -2.58000 -0.00001 234 -15.000 -180.628479 212.654807
1701975476.3127787 -2.58000 -0.00001 236 -15.000 -180.628479 212.654807
1701975486.9874911 -2.58000 -0.00001 254 -25.000 -180.628479 212.654807
1701975486.9874911 -2.58000 -0.00001 229 -25.000 -180.628479 212.654807
1701975486.9874911 -2.58000 -0.00001 276 -25.000 -180.628479 212.654807
1701975486.9874911 -2.58000 -0.00001 255 -25.000 -180.628479 212.654807
1701975486.9874911 -2.58000 -0.00001 256 -25.000 -180.628479 212.654807
1701975498.2519178 -2.60000 -0.00001 251 -15.000 -185.75269 212.654807
1701975498.2519178 -2.60000 -0.00001 288 -15.000 -185.75269 212.654807
1701975498.2519178 -2.60000 -0.00001 282 -15.000 -185.75269 212.654807
1701975498.2519178 -2.60000 -0.00001 281 -15.000 -185.75269 212.654807
1701975498.2519178 -2.60000 -0.00001 275 -15.000 -185.75269 212.654807
1701975508.9140444 -2.60000 -0.00001 270 -25.000 -185.75269 212.654807
1701975508.9140444 -2.60000 -0.00001 244 -25.000 -185.75269 212.654807
1701975508.9140444 -2.60000 -0.00001 279 -25.000 -185.75269 212.654807
1701975508.9140444 -2.60000 -0.00001 264 -25.000 -185.75269 212.654807
1701975508.9140444 -2.60000 -0.00001 261 -25.000 -185.75269 212.654807
1701975520.2928352 -2.62000 -0.00001 309 -15.000 -185.75269 217.77901799999998
1701975520.2928352 -2.62000 -0.00001 279 -15.000 -185.75269 217.77901799999998
1701975520.2928352 -2.62000 -0.00001 296 -15.000 -185.75269 217.77901799999998
1701975520.2928352 -2.62000 -0.00001 296 -15.000 -185.75269 217.77901799999998
1701975520.2928352 -2.62000 -0.00001 298 -15.000 -185.75269 217.77901799999998
1701975530.9536235 -2.62000 -0.00001 290 -25.000 -185.75269 217.77901799999998
1701975530.9536235 -2.62000 -0.00001 280 -25.000 -185.75269 217.77901799999998
1701975530.9536235 -2.62000 -0.00001 292 -25.000 -185.75269 217.77901799999998
1701975530.9536235 -2.62000 -0.00001 314 -25.000 -185.75269 217.77901799999998
1701975530.9536235 -2.62000 -0.00001 310 -25.000 -185.75269 217.77901799999998
1701975542.2315593 -2.64000 -0.00001 313 -15.000 -185.75269 217.77901799999998
1701975542.2315593 -2.64000 -0.00001 310 -15.000 -185.75269 217.77901799999998
1701975542.2315593 -2.64000 -0.00001 316 -15.000 -185.75269 217.77901799999998
1701975542.2315593 -2.64000 -0.00001 305 -15.000 -185.75269 217.77901799999998
1701975542.2315593 -2.64000 -0.00001 345 -15.000 -185.75269 217.77901799999998
1701975553.007509 -2.64000 -0.00001 340 -25.000 -185.75269 217.77901799999998
1701975553.007509 -2.64000 -0.00001 331 -25.000 -185.75269 217.77901799999998
1701975553.007509 -2.64000 -0.00001 323 -25.000 -185.75269 217.77901799999998
1701975553.007509 -2.64000 -0.00001 317 -25.000 -185.75269 217.77901799999998
1701975553.007509 -2.64000 -0.00001 321 -25.000 -185.75269 217.77901799999998
1701975564.28153 -2.66000 -0.00001 369 -15.000 -190.87690099999998 222.903229
1701975564.28153 -2.66000 -0.00001 358 -15.000 -190.87690099999998 222.903229
1701975564.28153 -2.66000 -0.00001 329 -15.000 -190.87690099999998 222.903229
1701975564.28153 -2.66000 -0.00001 336 -15.000 -190.87690099999998 222.903229
1701975564.28153 -2.66000 -0.00001 364 -15.000 -190.87690099999998 222.903229
1701975574.9334905 -2.66000 -0.00001 304 -25.000 -190.87690099999998 222.903229
1701975574.9334905 -2.66000 -0.00001 360 -25.000 -190.87690099999998 222.903229
1701975574.9334905 -2.66000 -0.00001 341 -25.000 -190.87690099999998 222.903229
1701975574.9334905 -2.66000 -0.00001 321 -25.000 -190.87690099999998 222.903229
1701975574.9334905 -2.66000 -0.00001 328 -25.000 -190.87690099999998 222.903229
1701975586.211547 -2.68000 -0.00001 374 -15.000 -190.87690099999998 222.903229
1701975586.211547 -2.68000 -0.00001 378 -15.000 -190.87690099999998 222.903229
1701975586.211547 -2.68000 -0.00001 367 -15.000 -190.87690099999998 222.903229
1701975586.211547 -2.68000 -0.00001 405 -15.000 -190.87690099999998 222.903229
1701975586.211547 -2.68000 -0.00001 368 -15.000 -190.87690099999998 222.903229
1701975596.9868147 -2.68000 -0.00001 378 -25.000 -190.87690099999998 222.903229
1701975596.9868147 -2.68000 -0.00001 383 -25.000 -190.87690099999998 222.903229
1701975596.9868147 -2.68000 -0.00001 374 -25.000 -190.87690099999998 222.903229
1701975596.9868147 -2.68000 -0.00001 406 -25.000 -190.87690099999998 222.903229
1701975596.9868147 -2.68000 -0.00001 401 -25.000 -190.87690099999998 222.903229
1701975608.1516507 -2.70000 -0.00001 418 -15.000 -190.87690099999998 228.027441
1701975608.1516507 -2.70000 -0.00001 383 -15.000 -190.87690099999998 228.027441
1701975608.1516507 -2.70000 -0.00001 422 -15.000 -190.87690099999998 228.027441
1701975608.1516507 -2.70000 -0.00001 429 -15.000 -190.87690099999998 228.027441
1701975608.1516507 -2.70000 -0.00001 403 -15.000 -190.87690099999998 228.027441
1701975618.913958 -2.70000 -0.00001 386 -25.000 -190.87690099999998 228.027441
1701975618.913958 -2.70000 -0.00001 429 -25.000 -190.87690099999998 228.027441
1701975618.913958 -2.70000 -0.00001 422 -25.000 -190.87690099999998 228.027441
1701975618.913958 -2.70000 -0.00001 418 -25.000 -190.87690099999998 228.027441
1701975618.913958 -2.70000 -0.00001 428 -25.000 -190.87690099999998 228.027441
1701975630.1921213 -2.72000 -0.00001 468 -15.000 -196.001112 228.027441
1701975630.1921213 -2.72000 -0.00001 446 -15.000 -196.001112 228.027441
1701975630.1921213 -2.72000 -0.00001 479 -15.000 -196.001112 228.027441
1701975630.1921213 -2.72000 -0.00001 452 -15.000 -196.001112 228.027441
1701975630.1921213 -2.72000 -0.00001 479 -15.000 -196.001112 228.027441
1701975640.9692202 -2.72000 -0.00001 490 -25.000 -196.001112 228.027441
1701975640.9692202 -2.72000 -0.00001 455 -25.000 -196.001112 228.027441
1701975640.9692202 -2.72000 -0.00001 473 -25.000 -196.001112 228.027441
1701975640.9692202 -2.72000 -0.00001 444 -25.000 -196.001112 228.027441
1701975640.9692202 -2.72000 -0.00001 466 -25.000 -196.001112 228.027441
1701975652.132254 -2.74000 -0.00001 485 -15.000 -196.001112 228.027441
1701975652.132254 -2.74000 -0.00001 498 -15.000 -196.001112 228.027441
1701975652.132254 -2.74000 -0.00001 492 -15.000 -196.001112 228.027441
1701975652.132254 -2.74000 -0.00001 507 -15.000 -196.001112 228.027441
1701975652.132254 -2.74000 -0.00001 498 -15.000 -196.001112 228.027441
1701975663.019581 -2.74000 -0.00001 505 -25.000 -196.001112 228.027441
1701975663.019581 -2.74000 -0.00001 483 -25.000 -196.001112 228.027441
1701975663.019581 -2.74000 -0.00001 470 -25.000 -196.001112 228.027441
1701975663.019581 -2.74000 -0.00001 495 -25.000 -196.001112 228.027441
1701975663.019581 -2.74000 -0.00001 516 -25.000 -196.001112 228.027441
1701975674.1721444 -2.76000 -0.00001 518 -15.000 -201.125324 233.15165199999998
1701975674.1721444 -2.76000 -0.00001 531 -15.000 -201.125324 233.15165199999998
1701975674.1721444 -2.76000 -0.00001 541 -15.000 -201.125324 233.15165199999998
1701975674.1721444 -2.76000 -0.00001 482 -15.000 -201.125324 233.15165199999998
1701975674.1721444 -2.76000 -0.00001 530 -15.000 -201.125324 233.15165199999998
1701975684.9349706 -2.76000 -0.00001 511 -25.000 -201.125324 233.15165199999998
1701975684.9349706 -2.76000 -0.00001 524 -25.000 -201.125324 233.15165199999998
1701975684.9349706 -2.76000 -0.00001 520 -25.000 -201.125324 233.15165199999998
1701975684.9349706 -2.76000 -0.00001 519 -25.000 -201.125324 233.15165199999998
1701975684.9349706 -2.76000 -0.00001 529 -25.000 -201.125324 233.15165199999998
1701975696.2126455 -2.78000 -0.00001 653 -15.000 -201.125324 238.27586300000002
1701975696.2126455 -2.78000 -0.00001 558 -15.000 -201.125324 238.27586300000002
1701975696.2126455 -2.78000 -0.00001 630 -15.000 -201.125324 238.27586300000002
1701975696.2126455 -2.78000 -0.00001 579 -15.000 -201.125324 238.27586300000002
1701975696.2126455 -2.78000 -0.00001 570 -15.000 -201.125324 238.27586300000002
1701975706.9902356 -2.78000 -0.00001 552 -25.000 -201.125324 238.27586300000002
1701975706.9902356 -2.78000 -0.00001 556 -25.000 -201.125324 238.27586300000002
1701975706.9902356 -2.78000 -0.00001 561 -25.000 -201.125324 238.27586300000002
1701975706.9902356 -2.78000 -0.00001 555 -25.000 -201.125324 238.27586300000002
1701975706.9902356 -2.78000 -0.00001 549 -25.000 -201.125324 238.27586300000002
1701975718.258231 -2.80000 -0.00001 637 -15.000 -206.24955 243.40008899999998
1701975718.258231 -2.80000 -0.00001 618 -15.000 -206.24955 243.40008899999998
1701975718.258231 -2.80000 -0.00001 624 -15.000 -206.24955 243.40008899999998
1701975718.258231 -2.80000 -0.00001 647 -15.000 -206.24955 243.40008899999998
1701975718.258231 -2.80000 -0.00001 688 -15.000 -206.24955 243.40008899999998
1701975728.9167588 -2.80000 -0.00001 623 -25.000 -206.24955 243.40008899999998
1701975728.9167588 -2.80000 -0.00001 609 -25.000 -206.24955 243.40008899999998
1701975728.9167588 -2.80000 -0.00001 643 -25.000 -206.24955 243.40008899999998
1701975728.9167588 -2.80000 -0.00001 653 -25.000 -206.24955 243.40008899999998
1701975728.9167588 -2.80000 -0.00001 627 -25.000 -206.24955 243.40008899999998
1701975740.295261 -2.82000 -0.00001 698 -15.000 -206.24955 243.40008899999998
1701975740.295261 -2.82000 -0.00001 707 -15.000 -206.24955 243.40008899999998
1701975740.295261 -2.82000 -0.00001 700 -15.000 -206.24955 243.40008899999998
1701975740.295261 -2.82000 -0.00001 741 -15.000 -206.24955 243.40008899999998
1701975740.295261 -2.82000 -0.00001 696 -15.000 -206.24955 243.40008899999998
1701975750.9705894 -2.82000 -0.00001 702 -25.000 -206.24955 243.40008899999998
1701975750.9705894 -2.82000 -0.00001 662 -25.000 -206.24955 243.40008899999998
1701975750.9705894 -2.82000 -0.00001 704 -25.000 -206.24955 243.40008899999998
1701975750.9705894 -2.82000 -0.00001 681 -25.000 -206.24955 243.40008899999998
1701975750.9705894 -2.82000 -0.00001 740 -25.000 -206.24955 243.40008899999998
1701975762.2343693 -2.84000 -0.00001 756 -15.000 -206.24955 243.40008899999998
1701975762.2343693 -2.84000 -0.00001 737 -15.000 -206.24955 243.40008899999998
1701975762.2343693 -2.84000 -0.00001 796 -15.000 -206.24955 243.40008899999998
1701975762.2343693 -2.84000 -0.00001 752 -15.000 -206.24955 243.40008899999998
1701975762.2343693 -2.84000 -0.00001 777 -15.000 -206.24955 243.40008899999998
1701975773.022233 -2.84000 -0.00001 779 -25.000 -206.24955 243.40008899999998
1701975773.022233 -2.84000 -0.00001 745 -25.000 -206.24955 243.40008899999998
1701975773.022233 -2.84000 -0.00001 761 -25.000 -206.24955 243.40008899999998
1701975773.022233 -2.84000 -0.00001 827 -25.000 -206.24955 243.40008899999998
1701975773.022233 -2.84000 -0.00001 704 -25.000 -206.24955 243.40008899999998
1701975784.2760477 -2.86000 -0.00001 799 -15.000 -211.373761 248.524301
1701975784.2760477 -2.86000 -0.00001 817 -15.000 -211.373761 248.524301
1701975784.2760477 -2.86000 -0.00001 867 -15.000 -211.373761 248.524301
1701975784.2760477 -2.86000 -0.00001 842 -15.000 -211.373761 248.524301
1701975784.2760477 -2.86000 -0.00001 829 -15.000 -211.373761 248.524301
1701975794.9500523 -2.86000 -0.00001 818 -25.000 -211.373761 248.524301
1701975794.9500523 -2.86000 -0.00001 820 -25.000 -211.373761 248.524301
1701975794.9500523 -2.86000 -0.00001 847 -25.000 -211.373761 248.524301
1701975794.9500523 -2.86000 -0.00001 812 -25.000 -211.373761 248.524301
1701975794.9500523 -2.86000 -0.00001 823 -25.000 -211.373761 248.524301
1701975806.2135992 -2.88000 -0.00001 898 -15.000 -211.373761 248.524301
1701975806.2135992 -2.88000 -0.00001 942 -15.000 -211.373761 248.524301
1701975806.2135992 -2.88000 -0.00001 944 -15.000 -211.373761 248.524301
1701975806.2135992 -2.88000 -0.00001 869 -15.000 -211.373761 248.524301
1701975806.2135992 -2.88000 -0.00001 965 -15.000 -211.373761 248.524301
1701975816.9883938 -2.88000 -0.00001 912 -25.000 -211.373761 248.524301
1701975816.9883938 -2.88000 -0.00001 893 -25.000 -211.373761 248.524301
1701975816.9883938 -2.88000 -0.00001 911 -25.000 -211.373761 248.524301
1701975816.9883938 -2.88000 -0.00001 858 -25.000 -211.373761 248.524301
1701975816.9883938 -2.88000 -0.00001 909 -25.000 -211.373761 248.524301
1701975828.2640889 -2.90000 -0.00001 980 -15.000 -211.373761 253.64851199999998
1701975828.2640889 -2.90000 -0.00001 993 -15.000 -211.373761 253.64851199999998
1701975828.2640889 -2.90000 -0.00001 947 -15.000 -211.373761 253.64851199999998
1701975828.2640889 -2.90000 -0.00001 989 -15.000 -211.373761 253.64851199999998
1701975828.2640889 -2.90000 -0.00001 968 -15.000 -211.373761 253.64851199999998
1701975838.9157465 -2.90000 -0.00001 1028 -25.000 -211.373761 253.64851199999998
1701975838.9157465 -2.90000 -0.00001 1017 -25.000 -211.373761 253.64851199999998
1701975838.9157465 -2.90000 -0.00001 984 -25.000 -211.373761 253.64851199999998
1701975838.9157465 -2.90000 -0.00001 961 -25.000 -211.373761 253.64851199999998
1701975838.9157465 -2.90000 -0.00001 1015 -25.000 -211.373761 253.64851199999998
1701975850.1928737 -2.92000 -0.00001 1035 -15.000 -216.497973 253.64851199999998
1701975850.1928737 -2.92000 -0.00001 1082 -15.000 -216.497973 253.64851199999998
1701975850.1928737 -2.92000 -0.00001 1097 -15.000 -216.497973 253.64851199999998
1701975850.1928737 -2.92000 -0.00001 1057 -15.000 -216.497973 253.64851199999998
1701975850.1928737 -2.92000 -0.00001 1060 -15.000 -216.497973 253.64851199999998
1701975860.9690654 -2.92000 -0.00001 1074 -25.000 -216.497973 253.64851199999998
1701975860.9690654 -2.92000 -0.00001 1068 -25.000 -216.497973 253.64851199999998
1701975860.9690654 -2.92000 -0.00001 1112 -25.000 -216.497973 253.64851199999998
1701975860.9690654 -2.92000 -0.00001 1096 -25.000 -216.497973 253.64851199999998
1701975860.9690654 -2.92000 -0.00001 1075 -25.000 -216.497973 253.64851199999998
1701975872.1402404 -2.94000 -0.00001 1158 -15.000 -216.497973 253.64851199999998
1701975872.1402404 -2.94000 -0.00001 1228 -15.000 -216.497973 253.64851199999998
1701975872.1402404 -2.94000 -0.00001 1201 -15.000 -216.497973 253.64851199999998
1701975872.1402404 -2.94000 -0.00001 1143 -15.000 -216.497973 253.64851199999998
1701975872.1402404 -2.94000 -0.00001 1157 -15.000 -216.497973 253.64851199999998
1701975883.009952 -2.94000 -0.00001 1131 -25.000 -216.497973 253.64851199999998
1701975883.009952 -2.94000 -0.00001 1234 -25.000 -216.497973 253.64851199999998
1701975883.009952 -2.94000 -0.00001 1176 -25.000 -216.497973 253.64851199999998
1701975883.009952 -2.94000 -0.00001 1180 -25.000 -216.497973 253.64851199999998
1701975883.009952 -2.94000 -0.00001 1168 -25.000 -216.497973 253.64851199999998
1701975894.1724732 -2.96000 -0.00001 1334 -15.000 -216.497973 258.772723
1701975894.1724732 -2.96000 -0.00001 1333 -15.000 -216.497973 258.772723
1701975894.1724732 -2.96000 -0.00001 1299 -15.000 -216.497973 258.772723
1701975894.1724732 -2.96000 -0.00001 1284 -15.000 -216.497973 258.772723
1701975894.1724732 -2.96000 -0.00001 1275 -15.000 -216.497973 258.772723
1701975904.9353647 -2.96000 -0.00001 1332 -25.000 -216.497973 258.772723
1701975904.9353647 -2.96000 -0.00001 1299 -25.000 -216.497973 258.772723
1701975904.9353647 -2.96000 -0.00001 1358 -25.000 -216.497973 258.772723
1701975904.9353647 -2.96000 -0.00001 1311 -25.000 -216.497973 258.772723
1701975904.9353647 -2.96000 -0.00001 1263 -25.000 -216.497973 258.772723
1701975916.1120138 -2.98000 -0.00002 1381 -15.000 -221.622184 263.896935
1701975916.1120138 -2.98000 -0.00002 1399 -15.000 -221.622184 263.896935
1701975916.1120138 -2.98000 -0.00002 1409 -15.000 -221.622184 263.896935
1701975916.1120138 -2.98000 -0.00002 1437 -15.000 -221.622184 263.896935
1701975916.1120138 -2.98000 -0.00002 1386 -15.000 -221.622184 263.896935
1701975926.9877067 -2.98000 -0.00002 1431 -25.000 -221.622184 263.896935
1701975926.9877067 -2.98000 -0.00002 1444 -25.000 -221.622184 263.896935
1701975926.9877067 -2.98000 -0.00002 1338 -25.000 -221.622184 263.896935
1701975926.9877067 -2.98000 -0.00002 1374 -25.000 -221.622184 263.896935
1701975926.9877067 -2.98000 -0.00002 1380 -25.000 -221.622184 263.896935
1701975938.2528896 -3.00000 -0.00002 1510 -15.000 -226.74639499999998 269.021146
1701975938.2528896 -3.00000 -0.00002 1533 -15.000 -226.74639499999998 269.021146
1701975938.2528896 -3.00000 -0.00002 1487 -15.000 -226.74639499999998 269.021146
1701975938.2528896 -3.00000 -0.00002 1511 -15.000 -226.74639499999998 269.021146
1701975938.2528896 -3.00000 -0.00002 1549 -15.000 -226.74639499999998 269.021146
1701975948.9149978 -3.00000 -0.00002 1485 -25.000 -226.74639499999998 269.021146
1701975948.9149978 -3.00000 -0.00002 1538 -25.000 -226.74639499999998 269.021146
1701975948.9149978 -3.00000 -0.00002 1515 -25.000 -226.74639499999998 269.021146
1701975948.9149978 -3.00000 -0.00002 1546 -25.000 -226.74639499999998 269.021146
1701975948.9149978 -3.00000 -0.00002 1513 -25.000 -226.74639499999998 269.021146
1701975960.1929638 -3.02000 -0.00002 1592 -15.000 -226.74639499999998 269.021146
1701975960.1929638 -3.02000 -0.00002 1672 -15.000 -226.74639499999998 269.021146
1701975960.1929638 -3.02000 -0.00002 1645 -15.000 -226.74639499999998 269.021146
1701975960.1929638 -3.02000 -0.00002 1635 -15.000 -226.74639499999998 269.021146
1701975960.1929638 -3.02000 -0.00002 1628 -15.000 -226.74639499999998 269.021146
1701975970.9564166 -3.02000 -0.00002 1658 -25.000 -226.74639499999998 269.021146
1701975970.9564166 -3.02000 -0.00002 1646 -25.000 -226.74639499999998 269.021146
1701975970.9564166 -3.02000 -0.00002 1667 -25.000 -226.74639499999998 269.021146
1701975970.9564166 -3.02000 -0.00002 1619 -25.000 -226.74639499999998 269.021146
1701975970.9564166 -3.02000 -0.00002 1664 -25.000 -226.74639499999998 269.021146
1701975982.1315298 -3.04000 -0.00002 1762 -15.000 -226.74639499999998 269.021146
1701975982.1315298 -3.04000 -0.00002 1773 -15.000 -226.74639499999998 269.021146
1701975982.1315298 -3.04000 -0.00002 1789 -15.000 -226.74639499999998 269.021146
1701975982.1315298 -3.04000 -0.00002 1773 -15.000 -226.74639499999998 269.021146
1701975982.1315298 -3.04000 -0.00002 1758 -15.000 -226.74639499999998 269.021146
1701975992.9956417 -3.04000 -0.00002 1765 -25.000 -226.74639499999998 269.021146
1701975992.9956417 -3.04000 -0.00002 1765 -25.000 -226.74639499999998 269.021146
1701975992.9956417 -3.04000 -0.00002 1791 -25.000 -226.74639499999998 269.021146
1701975992.9956417 -3.04000 -0.00002 1741 -25.000 -226.74639499999998 269.021146
1701975992.9956417 -3.04000 -0.00002 1778 -25.000 -226.74639499999998 269.021146
1701976004.1726174 -3.06000 -0.00002 1886 -15.000 -226.74639499999998 274.145357
1701976004.1726174 -3.06000 -0.00002 1882 -15.000 -226.74639499999998 274.145357
1701976004.1726174 -3.06000 -0.00002 1948 -15.000 -226.74639499999998 274.145357
1701976004.1726174 -3.06000 -0.00002 1895 -15.000 -226.74639499999998 274.145357
1701976004.1726174 -3.06000 -0.00002 1890 -15.000 -226.74639499999998 274.145357
1701976014.9357996 -3.06000 -0.00002 1906 -25.000 -226.74639499999998 274.145357
1701976014.9357996 -3.06000 -0.00002 1879 -25.000 -226.74639499999998 274.145357
1701976014.9357996 -3.06000 -0.00002 1938 -25.000 -226.74639499999998 274.145357
1701976014.9357996 -3.06000 -0.00002 1882 -25.000 -226.74639499999998 274.145357
1701976014.9357996 -3.06000 -0.00002 1901 -25.000 -226.74639499999998 274.145357
1701976026.2126698 -3.08000 -0.00002 2013 -15.000 -247.24324000000001 274.145357
1701976026.2126698 -3.08000 -0.00002 2004 -15.000 -247.24324000000001 274.145357
1701976026.2126698 -3.08000 -0.00002 1994 -15.000 -247.24324000000001 274.145357
1701976026.2126698 -3.08000 -0.00002 1985 -15.000 -247.24324000000001 274.145357
1701976026.2126698 -3.08000 -0.00002 1998 -15.000 -247.24324000000001 274.145357
1701976036.989841 -3.08000 -0.00002 2012 -25.000 -247.24324000000001 274.145357
1701976036.989841 -3.08000 -0.00002 2042 -25.000 -247.24324000000001 274.145357
1701976036.989841 -3.08000 -0.00002 2011 -25.000 -247.24324000000001 274.145357
1701976036.989841 -3.08000 -0.00002 2002 -25.000 -247.24324000000001 274.145357
1701976036.989841 -3.08000 -0.00002 2058 -25.000 -247.24324000000001 274.145357
1701976048.0515912 -3.10000 -0.00002 2121 -15.000 -231.870607 274.145357
1701976048.0515912 -3.10000 -0.00002 2144 -15.000 -231.870607 274.145357
1701976048.0515912 -3.10000 -0.00002 2162 -15.000 -231.870607 274.145357
1701976048.0515912 -3.10000 -0.00002 2184 -15.000 -231.870607 274.145357
1701976048.0515912 -3.10000 -0.00002 2150 -15.000 -231.870607 274.145357
1701976058.0196314 -3.10000 -0.00002 2121 -25.000 -231.870607 274.145357
1701976058.0196314 -3.10000 -0.00002 2156 -25.000 -231.870607 274.145357
1701976058.0196314 -3.10000 -0.00002 2126 -25.000 -231.870607 274.145357
1701976058.0196314 -3.10000 -0.00002 2155 -25.000 -231.870607 274.145357
1701976058.0196314 -3.10000 -0.00002 2195 -25.000 -231.870607 274.145357
1701976069.080463 -3.12000 -0.00002 2253 -15.000 -236.994818 279.269569
1701976069.080463 -3.12000 -0.00002 2307 -15.000 -236.994818 279.269569
1701976069.080463 -3.12000 -0.00002 2250 -15.000 -236.994818 279.269569
1701976069.080463 -3.12000 -0.00002 2244 -15.000 -236.994818 279.269569
1701976069.080463 -3.12000 -0.00002 2252 -15.000 -236.994818 279.269569
1701976078.9334023 -3.12000 -0.00002 2248 -25.000 -236.994818 279.269569
1701976078.9334023 -3.12000 -0.00002 2254 -25.000 -236.994818 279.269569
1701976078.9334023 -3.12000 -0.00002 2300 -25.000 -236.994818 279.269569
1701976078.9334023 -3.12000 -0.00002 2269 -25.000 -236.994818 279.269569
1701976078.9334023 -3.12000 -0.00002 2266 -25.000 -236.994818 279.269569
1701976090.2115319 -3.14000 -0.00002 2443 -15.000 -236.994818 279.269569
1701976090.2115319 -3.14000 -0.00002 2403 -15.000 -236.994818 279.269569
1701976090.2115319 -3.14000 -0.00002 2386 -15.000 -236.994818 279.269569
1701976090.2115319 -3.14000 -0.00002 2383 -15.000 -236.994818 279.269569
1701976090.2115319 -3.14000 -0.00002 2396 -15.000 -236.994818 279.269569
1701976100.9873567 -3.14000 -0.00002 2425 -25.000 -236.994818 279.269569
1701976100.9873567 -3.14000 -0.00002 2381 -25.000 -236.994818 279.269569
1701976100.9873567 -3.14000 -0.00002 2379 -25.000 -236.994818 279.269569
1701976100.9873567 -3.14000 -0.00002 2406 -25.000 -236.994818 279.269569
1701976100.9873567 -3.14000 -0.00002 2394 -25.000 -236.994818 279.269569
1701976112.1509988 -3.16000 -0.00002 2534 -15.000 -236.994818 284.39378
1701976112.1509988 -3.16000 -0.00002 2508 -15.000 -236.994818 284.39378
1701976112.1509988 -3.16000 -0.00002 2562 -15.000 -236.994818 284.39378
1701976112.1509988 -3.16000 -0.00002 2520 -15.000 -236.994818 284.39378
1701976112.1509988 -3.16000 -0.00002 2538 -15.000 -236.994818 284.39378
1701976122.913304 -3.16000 -0.00002 2502 -25.000 -236.994818 284.39378
1701976122.913304 -3.16000 -0.00002 2558 -25.000 -236.994818 284.39378
1701976122.913304 -3.16000 -0.00002 2519 -25.000 -236.994818 284.39378
1701976122.913304 -3.16000 -0.00002 2508 -25.000 -236.994818 284.39378
1701976122.913304 -3.16000 -0.00002 2485 -25.000 -236.994818 284.39378
1701976134.190845 -3.18000 -0.00002 2646 -15.000 -242.119029 289.517991
1701976134.190845 -3.18000 -0.00002 2629 -15.000 -242.119029 289.517991
1701976134.190845 -3.18000 -0.00002 2638 -15.000 -242.119029 289.517991
1701976134.190845 -3.18000 -0.00002 2635 -15.000 -242.119029 289.517991
1701976134.190845 -3.18000 -0.00002 2667 -15.000 -242.119029 289.517991
1701976144.9547036 -3.18000 -0.00002 2658 -25.000 -242.119029 289.517991
1701976144.9547036 -3.18000 -0.00002 2629 -25.000 -242.119029 289.517991
1701976144.9547036 -3.18000 -0.00002 2644 -25.000 -242.119029 289.517991
1701976144.9547036 -3.18000 -0.00002 2669 -25.000 -242.119029 289.517991
1701976144.9547036 -3.18000 -0.00002 2642 -25.000 -242.119029 289.517991
1701976156.1311827 -3.20000 -0.00002 2799 -15.000 -242.119029 284.39378
1701976156.1311827 -3.20000 -0.00002 2757 -15.000 -242.119029 284.39378
1701976156.1311827 -3.20000 -0.00002 2773 -15.000 -242.119029 284.39378
1701976156.1311827 -3.20000 -0.00002 2796 -15.000 -242.119029 284.39378
1701976156.1311827 -3.20000 -0.00002 2737 -15.000 -242.119029 284.39378
1701976167.005735 -3.20000 -0.00002 2766 -25.000 -242.119029 284.39378
1701976167.005735 -3.20000 -0.00002 2747 -25.000 -242.119029 284.39378
1701976167.005735 -3.20000 -0.00002 2738 -25.000 -242.119029 284.39378
1701976167.005735 -3.20000 -0.00002 2742 -25.000 -242.119029 284.39378
1701976167.005735 -3.20000 -0.00002 2760 -25.000 -242.119029 284.39378
1701976178.2719004 -3.22000 -0.00002 2913 -15.000 -247.24324000000001 289.517991
1701976178.2719004 -3.22000 -0.00002 2910 -15.000 -247.24324000000001 289.517991
1701976178.2719004 -3.22000 -0.00002 2920 -15.000 -247.24324000000001 289.517991
1701976178.2719004 -3.22000 -0.00002 2909 -15.000 -247.24324000000001 289.517991
1701976178.2719004 -3.22000 -0.00002 2897 -15.000 -247.24324000000001 289.517991
1701976188.9341378 -3.22000 -0.00002 2873 -25.000 -247.24324000000001 289.517991
1701976188.9341378 -3.22000 -0.00002 2874 -25.000 -247.24324000000001 289.517991
1701976188.9341378 -3.22000 -0.00002 2900 -25.000 -247.24324000000001 289.517991
1701976188.9341378 -3.22000 -0.00002 2886 -25.000 -247.24324000000001 289.517991
1701976188.9341378 -3.22000 -0.00002 2904 -25.000 -247.24324000000001 289.517991
1701976200.3128865 -3.24000 -0.00002 3015 -15.000 -247.24324000000001 294.642203
1701976200.3128865 -3.24000 -0.00002 2970 -15.000 -247.24324000000001 294.642203
1701976200.3128865 -3.24000 -0.00002 3013 -15.000 -247.24324000000001 294.642203
1701976200.3128865 -3.24000 -0.00002 3010 -15.000 -247.24324000000001 294.642203
1701976200.3128865 -3.24000 -0.00002 3018 -15.000 -247.24324000000001 294.642203
1701976210.9868186 -3.24000 -0.00002 2973 -25.000 -247.24324000000001 294.642203
1701976210.9868186 -3.24000 -0.00002 3011 -25.000 -247.24324000000001 294.642203
1701976210.9868186 -3.24000 -0.00002 3003 -25.000 -247.24324000000001 294.642203
1701976210.9868186 -3.24000 -0.00002 2984 -25.000 -247.24324000000001 294.642203
1701976210.9868186 -3.24000 -0.00002 2995 -25.000 -247.24324000000001 294.642203
1701976222.2516117 -3.26000 -0.00002 3114 -15.000 -257.491678 299.766429
1701976222.2516117 -3.26000 -0.00002 3130 -15.000 -257.491678 299.766429
1701976222.2516117 -3.26000 -0.00002 3121 -15.000 -257.491678 299.766429
1701976222.2516117 -3.26000 -0.00002 3116 -15.000 -257.491678 299.766429
1701976222.2516117 -3.26000 -0.00002 3129 -15.000 -257.491678 299.766429
1701976232.9133084 -3.26000 -0.00002 3125 -25.000 -257.491678 299.766429
1701976232.9133084 -3.26000 -0.00002 3106 -25.000 -257.491678 299.766429
1701976232.9133084 -3.26000 -0.00002 3147 -25.000 -257.491678 299.766429
1701976232.9133084 -3.26000 -0.00002 3120 -25.000 -257.491678 299.766429
1701976232.9133084 -3.26000 -0.00002 3133 -25.000 -257.491678 299.766429
1701976244.2926095 -3.28000 -0.00002 3239 -15.000 -252.367467 299.766429
1701976244.2926095 -3.28000 -0.00002 3232 -15.000 -252.367467 299.766429
1701976244.2926095 -3.28000 -0.00002 3257 -15.000 -252.367467 299.766429
1701976244.2926095 -3.28000 -0.00002 3253 -15.000 -252.367467 299.766429
1701976244.2926095 -3.28000 -0.00002 3266 -15.000 -252.367467 299.766429
1701976254.966851 -3.28000 -0.00002 3207 -25.000 -252.367467 299.766429
1701976254.966851 -3.28000 -0.00002 3239 -25.000 -252.367467 299.766429
1701976254.966851 -3.28000 -0.00002 3285 -25.000 -252.367467 299.766429
1701976254.966851 -3.28000 -0.00002 3242 -25.000 -252.367467 299.766429
1701976254.966851 -3.28000 -0.00002 3239 -25.000 -252.367467 299.766429
1701976266.2315757 -3.30000 -0.00002 3330 -15.000 -252.367467 299.766429
1701976266.2315757 -3.30000 -0.00002 3346 -15.000 -252.367467 299.766429
1701976266.2315757 -3.30000 -0.00002 3366 -15.000 -252.367467 299.766429
1701976266.2315757 -3.30000 -0.00002 3320 -15.000 -252.367467 299.766429
1701976266.2315757 -3.30000 -0.00002 3351 -15.000 -252.367467 299.766429
1701976277.0200133 -3.30000 -0.00002 3339 -25.000 -252.367467 299.766429
1701976277.0200133 -3.30000 -0.00002 3300 -25.000 -252.367467 299.766429
1701976277.0200133 -3.30000 -0.00002 3335 -25.000 -252.367467 299.766429
1701976277.0200133 -3.30000 -0.00002 3379 -25.000 -252.367467 299.766429
1701976277.0200133 -3.30000 -0.00002 3393 -25.000 -252.367467 299.766429
