# This is data for a Photon Count Rate vs Bias curve
# Wafer : Device	Pa231025 : R1C3
# Bias Resistor : 1040000
# PCR measure comments: MIR microwire R1C3 pix 2
# MIR microwire R1C3 pix2
# Counter setup: keysight53220A
# 	Trigger Threshhold: -60 mV
# 	Noise Rejection: False
# 	Gate integration: 0.15 s
# Pulsed OFF
# 
# Cols: unixtime-[s]	 Bias-[V]	 Sense_Voltage-[V]	 Counts-[#Photons]	 Threshold-[mV]	 Min Peak Voltage-[mV]	 Peak to Peak Voltage-[mV]
1701971884.6153736 0.00000 -0.00000 0 -15.000 -16.6536905 28.1831678
1701971884.6153736 0.00000 -0.00000 0 -15.000 -16.6536905 28.1831678
1701971884.6153736 0.00000 -0.00000 0 -15.000 -16.6536905 28.1831678
1701971884.6153736 0.00000 -0.00000 0 -15.000 -16.6536905 28.1831678
1701971884.6153736 0.00000 -0.00000 0 -15.000 -16.6536905 28.1831678
1701971894.9738417 0.00000 -0.00000 0 -25.000 -16.6536905 28.1831678
1701971894.9738417 0.00000 -0.00000 0 -25.000 -16.6536905 28.1831678
1701971894.9738417 0.00000 -0.00000 0 -25.000 -16.6536905 28.1831678
1701971894.9738417 0.00000 -0.00000 0 -25.000 -16.6536905 28.1831678
1701971894.9738417 0.00000 -0.00000 0 -25.000 -16.6536905 28.1831678
1701971906.3520486 -1.50000 -0.00000 1 -15.000 -16.6536905 28.1831678
1701971906.3520486 -1.50000 -0.00000 1 -15.000 -16.6536905 28.1831678
1701971906.3520486 -1.50000 -0.00000 0 -15.000 -16.6536905 28.1831678
1701971906.3520486 -1.50000 -0.00000 1 -15.000 -16.6536905 28.1831678
1701971906.3520486 -1.50000 -0.00000 0 -15.000 -16.6536905 28.1831678
1701971917.0261815 -1.50000 -0.00000 0 -25.000 -16.6536905 28.1831678
1701971917.0261815 -1.50000 -0.00000 1 -25.000 -16.6536905 28.1831678
1701971917.0261815 -1.50000 -0.00000 2 -25.000 -16.6536905 28.1831678
1701971917.0261815 -1.50000 -0.00000 1 -25.000 -16.6536905 28.1831678
1701971917.0261815 -1.50000 -0.00000 0 -25.000 -16.6536905 28.1831678
1701971928.392652 -1.52000 -0.00000 0 -15.000 -11.5294773 53.804228099999996
1701971928.392652 -1.52000 -0.00000 0 -15.000 -11.5294773 53.804228099999996
1701971928.392652 -1.52000 -0.00000 3 -15.000 -11.5294773 53.804228099999996
1701971928.392652 -1.52000 -0.00000 1 -15.000 -11.5294773 53.804228099999996
1701971928.392652 -1.52000 -0.00000 2 -15.000 -11.5294773 53.804228099999996
1701971938.9543703 -1.52000 -0.00000 1 -25.000 -11.5294773 53.804228099999996
1701971938.9543703 -1.52000 -0.00000 1 -25.000 -11.5294773 53.804228099999996
1701971938.9543703 -1.52000 -0.00000 1 -25.000 -11.5294773 53.804228099999996
1701971938.9543703 -1.52000 -0.00000 1 -25.000 -11.5294773 53.804228099999996
1701971938.9543703 -1.52000 -0.00000 1 -25.000 -11.5294773 53.804228099999996
1701971950.3314505 -1.54000 -0.00001 0 -15.000 -83.2684487 28.1831678
1701971950.3314505 -1.54000 -0.00001 2 -15.000 -83.2684487 28.1831678
1701971950.3314505 -1.54000 -0.00001 0 -15.000 -83.2684487 28.1831678
1701971950.3314505 -1.54000 -0.00001 0 -15.000 -83.2684487 28.1831678
1701971950.3314505 -1.54000 -0.00001 0 -15.000 -83.2684487 28.1831678
1701971961.0056133 -1.54000 -0.00001 0 -25.000 -83.2684487 28.1831678
1701971961.0056133 -1.54000 -0.00001 0 -25.000 -83.2684487 28.1831678
1701971961.0056133 -1.54000 -0.00001 2 -25.000 -83.2684487 28.1831678
1701971961.0056133 -1.54000 -0.00001 0 -25.000 -83.2684487 28.1831678
1701971961.0056133 -1.54000 -0.00001 0 -25.000 -83.2684487 28.1831678
1701971972.37234 -1.56000 -0.00001 0 -15.000 -16.6536905 94.797926
1701971972.37234 -1.56000 -0.00001 1 -15.000 -16.6536905 94.797926
1701971972.37234 -1.56000 -0.00001 0 -15.000 -16.6536905 94.797926
1701971972.37234 -1.56000 -0.00001 1 -15.000 -16.6536905 94.797926
1701971972.37234 -1.56000 -0.00001 0 -15.000 -16.6536905 94.797926
1701971983.0592437 -1.56000 -0.00001 0 -25.000 -16.6536905 94.797926
1701971983.0592437 -1.56000 -0.00001 3 -25.000 -16.6536905 94.797926
1701971983.0592437 -1.56000 -0.00001 1 -25.000 -16.6536905 94.797926
1701971983.0592437 -1.56000 -0.00001 1 -25.000 -16.6536905 94.797926
1701971983.0592437 -1.56000 -0.00001 1 -25.000 -16.6536905 94.797926
1701971994.41317 -1.58000 -0.00001 0 -15.000 -83.2684487 28.1831678
1701971994.41317 -1.58000 -0.00001 0 -15.000 -83.2684487 28.1831678
1701971994.41317 -1.58000 -0.00001 2 -15.000 -83.2684487 28.1831678
1701971994.41317 -1.58000 -0.00001 1 -15.000 -83.2684487 28.1831678
1701971994.41317 -1.58000 -0.00001 1 -15.000 -83.2684487 28.1831678
1701972004.974098 -1.58000 -0.00001 1 -25.000 -83.2684487 28.1831678
1701972004.974098 -1.58000 -0.00001 2 -25.000 -83.2684487 28.1831678
1701972004.974098 -1.58000 -0.00001 0 -25.000 -83.2684487 28.1831678
1701972004.974098 -1.58000 -0.00001 0 -25.000 -83.2684487 28.1831678
1701972004.974098 -1.58000 -0.00001 1 -25.000 -83.2684487 28.1831678
1701972016.3522828 -1.60000 -0.00001 0 -15.000 -16.6536905 28.1831678
1701972016.3522828 -1.60000 -0.00001 1 -15.000 -16.6536905 28.1831678
1701972016.3522828 -1.60000 -0.00001 0 -15.000 -16.6536905 28.1831678
1701972016.3522828 -1.60000 -0.00001 0 -15.000 -16.6536905 28.1831678
1701972016.3522828 -1.60000 -0.00001 3 -15.000 -16.6536905 28.1831678
1701972027.0282023 -1.60000 -0.00001 0 -25.000 -16.6536905 28.1831678
1701972027.0282023 -1.60000 -0.00001 0 -25.000 -16.6536905 28.1831678
1701972027.0282023 -1.60000 -0.00001 0 -25.000 -16.6536905 28.1831678
1701972027.0282023 -1.60000 -0.00001 1 -25.000 -16.6536905 28.1831678
1701972027.0282023 -1.60000 -0.00001 0 -25.000 -16.6536905 28.1831678
1701972038.39341 -1.62000 -0.00000 1 -15.000 -32.0263281 23.0589546
1701972038.39341 -1.62000 -0.00000 0 -15.000 -32.0263281 23.0589546
1701972038.39341 -1.62000 -0.00000 0 -15.000 -32.0263281 23.0589546
1701972038.39341 -1.62000 -0.00000 1 -15.000 -32.0263281 23.0589546
1701972038.39341 -1.62000 -0.00000 1 -15.000 -32.0263281 23.0589546
1701972048.953864 -1.62000 -0.00000 0 -25.000 -32.0263281 23.0589546
1701972048.953864 -1.62000 -0.00000 0 -25.000 -32.0263281 23.0589546
1701972048.953864 -1.62000 -0.00000 1 -25.000 -32.0263281 23.0589546
1701972048.953864 -1.62000 -0.00000 0 -25.000 -32.0263281 23.0589546
1701972048.953864 -1.62000 -0.00000 1 -25.000 -32.0263281 23.0589546
1701972060.3439348 -1.64000 -0.00001 0 -15.000 -16.6536905 28.1831678
1701972060.3439348 -1.64000 -0.00001 1 -15.000 -16.6536905 28.1831678
1701972060.3439348 -1.64000 -0.00001 0 -15.000 -16.6536905 28.1831678
1701972060.3439348 -1.64000 -0.00001 0 -15.000 -16.6536905 28.1831678
1701972060.3439348 -1.64000 -0.00001 0 -15.000 -16.6536905 28.1831678
1701972071.00626 -1.64000 -0.00001 2 -25.000 -16.6536905 28.1831678
1701972071.00626 -1.64000 -0.00001 1 -25.000 -16.6536905 28.1831678
1701972071.00626 -1.64000 -0.00001 0 -25.000 -16.6536905 28.1831678
1701972071.00626 -1.64000 -0.00001 0 -25.000 -16.6536905 28.1831678
1701972071.00626 -1.64000 -0.00001 0 -25.000 -16.6536905 28.1831678
1701972082.2813237 -1.66000 -0.00001 1 -15.000 -16.6536905 28.1831678
1701972082.2813237 -1.66000 -0.00001 0 -15.000 -16.6536905 28.1831678
1701972082.2813237 -1.66000 -0.00001 1 -15.000 -16.6536905 28.1831678
1701972082.2813237 -1.66000 -0.00001 2 -15.000 -16.6536905 28.1831678
1701972082.2813237 -1.66000 -0.00001 1 -15.000 -16.6536905 28.1831678
1701972093.0403068 -1.66000 -0.00001 1 -25.000 -16.6536905 28.1831678
1701972093.0403068 -1.66000 -0.00001 0 -25.000 -16.6536905 28.1831678
1701972093.0403068 -1.66000 -0.00001 0 -25.000 -16.6536905 28.1831678
1701972093.0403068 -1.66000 -0.00001 0 -25.000 -16.6536905 28.1831678
1701972093.0403068 -1.66000 -0.00001 1 -25.000 -16.6536905 28.1831678
1701972104.4234543 -1.68000 -0.00001 2 -15.000 -16.6536905 28.1831678
1701972104.4234543 -1.68000 -0.00001 0 -15.000 -16.6536905 28.1831678
1701972104.4234543 -1.68000 -0.00001 1 -15.000 -16.6536905 28.1831678
1701972104.4234543 -1.68000 -0.00001 1 -15.000 -16.6536905 28.1831678
1701972104.4234543 -1.68000 -0.00001 2 -15.000 -16.6536905 28.1831678
1701972114.9757993 -1.68000 -0.00001 1 -25.000 -16.6536905 28.1831678
1701972114.9757993 -1.68000 -0.00001 2 -25.000 -16.6536905 28.1831678
1701972114.9757993 -1.68000 -0.00001 0 -25.000 -16.6536905 28.1831678
1701972114.9757993 -1.68000 -0.00001 0 -25.000 -16.6536905 28.1831678
1701972114.9757993 -1.68000 -0.00001 0 -25.000 -16.6536905 28.1831678
1701972126.357793 -1.70000 -0.00001 0 -15.000 -83.2684487 28.1831678
1701972126.357793 -1.70000 -0.00001 0 -15.000 -83.2684487 28.1831678
1701972126.357793 -1.70000 -0.00001 0 -15.000 -83.2684487 28.1831678
1701972126.357793 -1.70000 -0.00001 0 -15.000 -83.2684487 28.1831678
1701972126.357793 -1.70000 -0.00001 1 -15.000 -83.2684487 28.1831678
1701972137.0266545 -1.70000 -0.00001 0 -25.000 -83.2684487 28.1831678
1701972137.0266545 -1.70000 -0.00001 0 -25.000 -83.2684487 28.1831678
1701972137.0266545 -1.70000 -0.00001 2 -25.000 -83.2684487 28.1831678
1701972137.0266545 -1.70000 -0.00001 0 -25.000 -83.2684487 28.1831678
1701972137.0266545 -1.70000 -0.00001 0 -25.000 -83.2684487 28.1831678
1701972148.394003 -1.72000 -0.00001 1 -15.000 -16.6536905 28.1831678
1701972148.394003 -1.72000 -0.00001 0 -15.000 -16.6536905 28.1831678
1701972148.394003 -1.72000 -0.00001 1 -15.000 -16.6536905 28.1831678
1701972148.394003 -1.72000 -0.00001 1 -15.000 -16.6536905 28.1831678
1701972148.394003 -1.72000 -0.00001 2 -15.000 -16.6536905 28.1831678
1701972158.955417 -1.72000 -0.00001 0 -25.000 -16.6536905 28.1831678
1701972158.955417 -1.72000 -0.00001 0 -25.000 -16.6536905 28.1831678
1701972158.955417 -1.72000 -0.00001 0 -25.000 -16.6536905 28.1831678
1701972158.955417 -1.72000 -0.00001 3 -25.000 -16.6536905 28.1831678
1701972158.955417 -1.72000 -0.00001 0 -25.000 -16.6536905 28.1831678
1701972170.4352262 -1.74000 -0.00001 0 -15.000 -11.5294773 33.307381
1701972170.4352262 -1.74000 -0.00001 0 -15.000 -11.5294773 33.307381
1701972170.4352262 -1.74000 -0.00001 1 -15.000 -11.5294773 33.307381
1701972170.4352262 -1.74000 -0.00001 2 -15.000 -11.5294773 33.307381
1701972170.4352262 -1.74000 -0.00001 1 -15.000 -11.5294773 33.307381
1701972181.0090103 -1.74000 -0.00001 1 -25.000 -11.5294773 33.307381
1701972181.0090103 -1.74000 -0.00001 0 -25.000 -11.5294773 33.307381
1701972181.0090103 -1.74000 -0.00001 2 -25.000 -11.5294773 33.307381
1701972181.0090103 -1.74000 -0.00001 2 -25.000 -11.5294773 33.307381
1701972181.0090103 -1.74000 -0.00001 1 -25.000 -11.5294773 33.307381
1701972192.3740132 -1.76000 -0.00001 1 -15.000 -16.6536905 28.1831678
1701972192.3740132 -1.76000 -0.00001 0 -15.000 -16.6536905 28.1831678
1701972192.3740132 -1.76000 -0.00001 0 -15.000 -16.6536905 28.1831678
1701972192.3740132 -1.76000 -0.00001 1 -15.000 -16.6536905 28.1831678
1701972192.3740132 -1.76000 -0.00001 1 -15.000 -16.6536905 28.1831678
1701972203.0613768 -1.76000 -0.00001 0 -25.000 -16.6536905 28.1831678
1701972203.0613768 -1.76000 -0.00001 1 -25.000 -16.6536905 28.1831678
1701972203.0613768 -1.76000 -0.00001 0 -25.000 -16.6536905 28.1831678
1701972203.0613768 -1.76000 -0.00001 1 -25.000 -16.6536905 28.1831678
1701972203.0613768 -1.76000 -0.00001 1 -25.000 -16.6536905 28.1831678
1701972214.3207328 -1.78000 -0.00001 0 -15.000 -16.6536905 28.1831678
1701972214.3207328 -1.78000 -0.00001 1 -15.000 -16.6536905 28.1831678
1701972214.3207328 -1.78000 -0.00001 1 -15.000 -16.6536905 28.1831678
1701972214.3207328 -1.78000 -0.00001 0 -15.000 -16.6536905 28.1831678
1701972214.3207328 -1.78000 -0.00001 0 -15.000 -16.6536905 28.1831678
1701972224.986582 -1.78000 -0.00001 0 -25.000 -16.6536905 28.1831678
1701972224.986582 -1.78000 -0.00001 0 -25.000 -16.6536905 28.1831678
1701972224.986582 -1.78000 -0.00001 1 -25.000 -16.6536905 28.1831678
1701972224.986582 -1.78000 -0.00001 0 -25.000 -16.6536905 28.1831678
1701972224.986582 -1.78000 -0.00001 0 -25.000 -16.6536905 28.1831678
1701972236.354215 -1.80000 -0.00001 2 -15.000 -16.6536905 28.1831678
1701972236.354215 -1.80000 -0.00001 1 -15.000 -16.6536905 28.1831678
1701972236.354215 -1.80000 -0.00001 3 -15.000 -16.6536905 28.1831678
1701972236.354215 -1.80000 -0.00001 1 -15.000 -16.6536905 28.1831678
1701972236.354215 -1.80000 -0.00001 0 -15.000 -16.6536905 28.1831678
1701972247.0175657 -1.80000 -0.00001 1 -25.000 -16.6536905 28.1831678
1701972247.0175657 -1.80000 -0.00001 0 -25.000 -16.6536905 28.1831678
1701972247.0175657 -1.80000 -0.00001 1 -25.000 -16.6536905 28.1831678
1701972247.0175657 -1.80000 -0.00001 0 -25.000 -16.6536905 28.1831678
1701972247.0175657 -1.80000 -0.00001 0 -25.000 -16.6536905 28.1831678
1701972258.394884 -1.82000 -0.00001 1 -15.000 -11.5294773 28.1831678
1701972258.394884 -1.82000 -0.00001 0 -15.000 -11.5294773 28.1831678
1701972258.394884 -1.82000 -0.00001 1 -15.000 -11.5294773 28.1831678
1701972258.394884 -1.82000 -0.00001 0 -15.000 -11.5294773 28.1831678
1701972258.394884 -1.82000 -0.00001 1 -15.000 -11.5294773 28.1831678
1701972268.955798 -1.82000 -0.00001 0 -25.000 -11.5294773 28.1831678
1701972268.955798 -1.82000 -0.00001 1 -25.000 -11.5294773 28.1831678
1701972268.955798 -1.82000 -0.00001 0 -25.000 -11.5294773 28.1831678
1701972268.955798 -1.82000 -0.00001 0 -25.000 -11.5294773 28.1831678
1701972268.955798 -1.82000 -0.00001 2 -25.000 -11.5294773 28.1831678
1701972280.332517 -1.84000 -0.00001 0 -15.000 -11.5294773 94.797926
1701972280.332517 -1.84000 -0.00001 0 -15.000 -11.5294773 94.797926
1701972280.332517 -1.84000 -0.00001 0 -15.000 -11.5294773 94.797926
1701972280.332517 -1.84000 -0.00001 1 -15.000 -11.5294773 94.797926
1701972280.332517 -1.84000 -0.00001 1 -15.000 -11.5294773 94.797926
1701972290.9946826 -1.84000 -0.00001 2 -25.000 -11.5294773 94.797926
1701972290.9946826 -1.84000 -0.00001 0 -25.000 -11.5294773 94.797926
1701972290.9946826 -1.84000 -0.00001 0 -25.000 -11.5294773 94.797926
1701972290.9946826 -1.84000 -0.00001 1 -25.000 -11.5294773 94.797926
1701972290.9946826 -1.84000 -0.00001 0 -25.000 -11.5294773 94.797926
1701972302.3725536 -1.86000 -0.00001 0 -15.000 -16.6536905 53.804228099999996
1701972302.3725536 -1.86000 -0.00001 0 -15.000 -16.6536905 53.804228099999996
1701972302.3725536 -1.86000 -0.00001 1 -15.000 -16.6536905 53.804228099999996
1701972302.3725536 -1.86000 -0.00001 1 -15.000 -16.6536905 53.804228099999996
1701972302.3725536 -1.86000 -0.00001 1 -15.000 -16.6536905 53.804228099999996
1701972313.060531 -1.86000 -0.00001 2 -25.000 -16.6536905 53.804228099999996
1701972313.060531 -1.86000 -0.00001 3 -25.000 -16.6536905 53.804228099999996
1701972313.060531 -1.86000 -0.00001 0 -25.000 -16.6536905 53.804228099999996
1701972313.060531 -1.86000 -0.00001 1 -25.000 -16.6536905 53.804228099999996
1701972313.060531 -1.86000 -0.00001 1 -25.000 -16.6536905 53.804228099999996
1701972324.3204727 -1.88000 -0.00001 2 -15.000 -16.6536905 48.680016800000004
1701972324.3204727 -1.88000 -0.00001 0 -15.000 -16.6536905 48.680016800000004
1701972324.3204727 -1.88000 -0.00001 0 -15.000 -16.6536905 48.680016800000004
1701972324.3204727 -1.88000 -0.00001 1 -15.000 -16.6536905 48.680016800000004
1701972324.3204727 -1.88000 -0.00001 2 -15.000 -16.6536905 48.680016800000004
1701972334.974856 -1.88000 -0.00001 1 -25.000 -16.6536905 48.680016800000004
1701972334.974856 -1.88000 -0.00001 0 -25.000 -16.6536905 48.680016800000004
1701972334.974856 -1.88000 -0.00001 1 -25.000 -16.6536905 48.680016800000004
1701972334.974856 -1.88000 -0.00001 2 -25.000 -16.6536905 48.680016800000004
1701972334.974856 -1.88000 -0.00001 1 -25.000 -16.6536905 48.680016800000004
1701972346.4542143 -1.90000 -0.00001 0 -15.000 -16.6536905 48.6800158
1701972346.4542143 -1.90000 -0.00001 0 -15.000 -16.6536905 48.6800158
1701972346.4542143 -1.90000 -0.00001 0 -15.000 -16.6536905 48.6800158
1701972346.4542143 -1.90000 -0.00001 0 -15.000 -16.6536905 48.6800158
1701972346.4542143 -1.90000 -0.00001 1 -15.000 -16.6536905 48.6800158
1701972357.0282197 -1.90000 -0.00001 0 -25.000 -16.6536905 48.6800158
1701972357.0282197 -1.90000 -0.00001 1 -25.000 -16.6536905 48.6800158
1701972357.0282197 -1.90000 -0.00001 0 -25.000 -16.6536905 48.6800158
1701972357.0282197 -1.90000 -0.00001 0 -25.000 -16.6536905 48.6800158
1701972357.0282197 -1.90000 -0.00001 1 -25.000 -16.6536905 48.6800158
1701972368.3939142 -1.92000 -0.00001 1 -15.000 -21.7779018 23.0589546
1701972368.3939142 -1.92000 -0.00001 1 -15.000 -21.7779018 23.0589546
1701972368.3939142 -1.92000 -0.00001 0 -15.000 -21.7779018 23.0589546
1701972368.3939142 -1.92000 -0.00001 0 -15.000 -21.7779018 23.0589546
1701972368.3939142 -1.92000 -0.00001 0 -15.000 -21.7779018 23.0589546
1701972378.9553545 -1.92000 -0.00001 0 -25.000 -21.7779018 23.0589546
1701972378.9553545 -1.92000 -0.00001 0 -25.000 -21.7779018 23.0589546
1701972378.9553545 -1.92000 -0.00001 1 -25.000 -21.7779018 23.0589546
1701972378.9553545 -1.92000 -0.00001 1 -25.000 -21.7779018 23.0589546
1701972378.9553545 -1.92000 -0.00001 0 -25.000 -21.7779018 23.0589546
1701972390.3350503 -1.94000 -0.00001 1 -15.000 -16.6536905 28.1831678
1701972390.3350503 -1.94000 -0.00001 1 -15.000 -16.6536905 28.1831678
1701972390.3350503 -1.94000 -0.00001 0 -15.000 -16.6536905 28.1831678
1701972390.3350503 -1.94000 -0.00001 1 -15.000 -16.6536905 28.1831678
1701972390.3350503 -1.94000 -0.00001 0 -15.000 -16.6536905 28.1831678
1701972401.0194554 -1.94000 -0.00001 1 -25.000 -16.6536905 28.1831678
1701972401.0194554 -1.94000 -0.00001 0 -25.000 -16.6536905 28.1831678
1701972401.0194554 -1.94000 -0.00001 1 -25.000 -16.6536905 28.1831678
1701972401.0194554 -1.94000 -0.00001 0 -25.000 -16.6536905 28.1831678
1701972401.0194554 -1.94000 -0.00001 1 -25.000 -16.6536905 28.1831678
1701972412.374363 -1.96000 -0.00001 0 -15.000 -16.6536905 38.4315923
1701972412.374363 -1.96000 -0.00001 3 -15.000 -16.6536905 38.4315923
1701972412.374363 -1.96000 -0.00001 1 -15.000 -16.6536905 38.4315923
1701972412.374363 -1.96000 -0.00001 1 -15.000 -16.6536905 38.4315923
1701972412.374363 -1.96000 -0.00001 0 -15.000 -16.6536905 38.4315923
1701972423.0405805 -1.96000 -0.00001 1 -25.000 -16.6536905 38.4315923
1701972423.0405805 -1.96000 -0.00001 0 -25.000 -16.6536905 38.4315923
1701972423.0405805 -1.96000 -0.00001 0 -25.000 -16.6536905 38.4315923
1701972423.0405805 -1.96000 -0.00001 3 -25.000 -16.6536905 38.4315923
1701972423.0405805 -1.96000 -0.00001 0 -25.000 -16.6536905 38.4315923
1701972434.3136892 -1.98000 -0.00001 1 -15.000 -16.6536905 33.307381
1701972434.3136892 -1.98000 -0.00001 2 -15.000 -16.6536905 33.307381
1701972434.3136892 -1.98000 -0.00001 0 -15.000 -16.6536905 33.307381
1701972434.3136892 -1.98000 -0.00001 1 -15.000 -16.6536905 33.307381
1701972434.3136892 -1.98000 -0.00001 0 -15.000 -16.6536905 33.307381
1701972444.9755785 -1.98000 -0.00001 0 -25.000 -16.6536905 33.307381
1701972444.9755785 -1.98000 -0.00001 0 -25.000 -16.6536905 33.307381
1701972444.9755785 -1.98000 -0.00001 0 -25.000 -16.6536905 33.307381
1701972444.9755785 -1.98000 -0.00001 1 -25.000 -16.6536905 33.307381
1701972444.9755785 -1.98000 -0.00001 1 -25.000 -16.6536905 33.307381
1701972456.354614 -2.00000 -0.00001 0 -15.000 -83.2684487 23.0589546
1701972456.354614 -2.00000 -0.00001 2 -15.000 -83.2684487 23.0589546
1701972456.354614 -2.00000 -0.00001 0 -15.000 -83.2684487 23.0589546
1701972456.354614 -2.00000 -0.00001 0 -15.000 -83.2684487 23.0589546
1701972456.354614 -2.00000 -0.00001 0 -15.000 -83.2684487 23.0589546
1701972467.0283058 -2.00000 -0.00001 0 -25.000 -83.2684487 23.0589546
1701972467.0283058 -2.00000 -0.00001 2 -25.000 -83.2684487 23.0589546
1701972467.0283058 -2.00000 -0.00001 1 -25.000 -83.2684487 23.0589546
1701972467.0283058 -2.00000 -0.00001 0 -25.000 -83.2684487 23.0589546
1701972467.0283058 -2.00000 -0.00001 0 -25.000 -83.2684487 23.0589546
1701972478.3960361 -2.02000 -0.00001 2 -15.000 -16.6536905 28.1831678
1701972478.3960361 -2.02000 -0.00001 1 -15.000 -16.6536905 28.1831678
1701972478.3960361 -2.02000 -0.00001 1 -15.000 -16.6536905 28.1831678
1701972478.3960361 -2.02000 -0.00001 1 -15.000 -16.6536905 28.1831678
1701972478.3960361 -2.02000 -0.00001 1 -15.000 -16.6536905 28.1831678
1701972488.9560766 -2.02000 -0.00001 1 -25.000 -16.6536905 28.1831678
1701972488.9560766 -2.02000 -0.00001 1 -25.000 -16.6536905 28.1831678
1701972488.9560766 -2.02000 -0.00001 2 -25.000 -16.6536905 28.1831678
1701972488.9560766 -2.02000 -0.00001 0 -25.000 -16.6536905 28.1831678
1701972488.9560766 -2.02000 -0.00001 2 -25.000 -16.6536905 28.1831678
1701972500.436824 -2.04000 -0.00001 3 -15.000 -42.2747508 28.1831669
1701972500.436824 -2.04000 -0.00001 1 -15.000 -42.2747508 28.1831669
1701972500.436824 -2.04000 -0.00001 0 -15.000 -42.2747508 28.1831669
1701972500.436824 -2.04000 -0.00001 0 -15.000 -42.2747508 28.1831669
1701972500.436824 -2.04000 -0.00001 0 -15.000 -42.2747508 28.1831669
1701972511.0105593 -2.04000 -0.00001 1 -25.000 -42.2747508 28.1831669
1701972511.0105593 -2.04000 -0.00001 5 -25.000 -42.2747508 28.1831669
1701972511.0105593 -2.04000 -0.00001 0 -25.000 -42.2747508 28.1831669
1701972511.0105593 -2.04000 -0.00001 2 -25.000 -42.2747508 28.1831669
1701972511.0105593 -2.04000 -0.00001 0 -25.000 -42.2747508 28.1831669
1701972522.3764365 -2.06000 -0.00001 0 -15.000 -26.902115000000002 48.680016800000004
1701972522.3764365 -2.06000 -0.00001 4 -15.000 -26.902115000000002 48.680016800000004
1701972522.3764365 -2.06000 -0.00001 1 -15.000 -26.902115000000002 48.680016800000004
1701972522.3764365 -2.06000 -0.00001 0 -15.000 -26.902115000000002 48.680016800000004
1701972522.3764365 -2.06000 -0.00001 2 -15.000 -26.902115000000002 48.680016800000004
1701972533.04928 -2.06000 -0.00001 1 -25.000 -26.902115000000002 48.680016800000004
1701972533.04928 -2.06000 -0.00001 0 -25.000 -26.902115000000002 48.680016800000004
1701972533.04928 -2.06000 -0.00001 1 -25.000 -26.902115000000002 48.680016800000004
1701972533.04928 -2.06000 -0.00001 0 -25.000 -26.902115000000002 48.680016800000004
1701972533.04928 -2.06000 -0.00001 0 -25.000 -26.902115000000002 48.680016800000004
1701972544.3155832 -2.08000 -0.00001 1 -15.000 -16.6536905 33.307381
1701972544.3155832 -2.08000 -0.00001 4 -15.000 -16.6536905 33.307381
1701972544.3155832 -2.08000 -0.00001 1 -15.000 -16.6536905 33.307381
1701972544.3155832 -2.08000 -0.00001 2 -15.000 -16.6536905 33.307381
1701972544.3155832 -2.08000 -0.00001 0 -15.000 -16.6536905 33.307381
1701972554.977837 -2.08000 -0.00001 3 -25.000 -16.6536905 33.307381
1701972554.977837 -2.08000 -0.00001 0 -25.000 -16.6536905 33.307381
1701972554.977837 -2.08000 -0.00001 0 -25.000 -16.6536905 33.307381
1701972554.977837 -2.08000 -0.00001 1 -25.000 -16.6536905 33.307381
1701972554.977837 -2.08000 -0.00001 1 -25.000 -16.6536905 33.307381
1701972566.356824 -2.10000 -0.00001 1 -15.000 -16.6536905 28.1831678
1701972566.356824 -2.10000 -0.00001 0 -15.000 -16.6536905 28.1831678
1701972566.356824 -2.10000 -0.00001 1 -15.000 -16.6536905 28.1831678
1701972566.356824 -2.10000 -0.00001 0 -15.000 -16.6536905 28.1831678
1701972566.356824 -2.10000 -0.00001 0 -15.000 -16.6536905 28.1831678
1701972577.0295248 -2.10000 -0.00001 4 -25.000 -16.6536905 28.1831678
1701972577.0295248 -2.10000 -0.00001 1 -25.000 -16.6536905 28.1831678
1701972577.0295248 -2.10000 -0.00001 1 -25.000 -16.6536905 28.1831678
1701972577.0295248 -2.10000 -0.00001 1 -25.000 -16.6536905 28.1831678
1701972577.0295248 -2.10000 -0.00001 1 -25.000 -16.6536905 28.1831678
1701972588.3972049 -2.12000 -0.00001 1 -15.000 -16.6536905 17.934742399999998
1701972588.3972049 -2.12000 -0.00001 2 -15.000 -16.6536905 17.934742399999998
1701972588.3972049 -2.12000 -0.00001 4 -15.000 -16.6536905 17.934742399999998
1701972588.3972049 -2.12000 -0.00001 4 -15.000 -16.6536905 17.934742399999998
1701972588.3972049 -2.12000 -0.00001 2 -15.000 -16.6536905 17.934742399999998
1701972598.9596446 -2.12000 -0.00001 3 -25.000 -16.6536905 17.934742399999998
1701972598.9596446 -2.12000 -0.00001 0 -25.000 -16.6536905 17.934742399999998
1701972598.9596446 -2.12000 -0.00001 2 -25.000 -16.6536905 17.934742399999998
1701972598.9596446 -2.12000 -0.00001 0 -25.000 -16.6536905 17.934742399999998
1701972598.9596446 -2.12000 -0.00001 0 -25.000 -16.6536905 17.934742399999998
1701972610.3373797 -2.14000 -0.00001 2 -15.000 -16.6536905 28.1831678
1701972610.3373797 -2.14000 -0.00001 1 -15.000 -16.6536905 28.1831678
1701972610.3373797 -2.14000 -0.00001 3 -15.000 -16.6536905 28.1831678
1701972610.3373797 -2.14000 -0.00001 1 -15.000 -16.6536905 28.1831678
1701972610.3373797 -2.14000 -0.00001 1 -15.000 -16.6536905 28.1831678
1701972621.0117066 -2.14000 -0.00001 3 -25.000 -16.6536905 28.1831678
1701972621.0117066 -2.14000 -0.00001 3 -25.000 -16.6536905 28.1831678
1701972621.0117066 -2.14000 -0.00001 3 -25.000 -16.6536905 28.1831678
1701972621.0117066 -2.14000 -0.00001 0 -25.000 -16.6536905 28.1831678
1701972621.0117066 -2.14000 -0.00001 1 -25.000 -16.6536905 28.1831678
1701972632.2765553 -2.16000 -0.00001 2 -15.000 -16.6536905 84.54950529999999
1701972632.2765553 -2.16000 -0.00001 3 -15.000 -16.6536905 84.54950529999999
1701972632.2765553 -2.16000 -0.00001 4 -15.000 -16.6536905 84.54950529999999
1701972632.2765553 -2.16000 -0.00001 4 -15.000 -16.6536905 84.54950529999999
1701972632.2765553 -2.16000 -0.00001 3 -15.000 -16.6536905 84.54950529999999
1701972643.044028 -2.16000 -0.00001 4 -25.000 -16.6536905 84.54950529999999
1701972643.044028 -2.16000 -0.00001 3 -25.000 -16.6536905 84.54950529999999
1701972643.044028 -2.16000 -0.00001 5 -25.000 -16.6536905 84.54950529999999
1701972643.044028 -2.16000 -0.00001 3 -25.000 -16.6536905 84.54950529999999
1701972643.044028 -2.16000 -0.00001 2 -25.000 -16.6536905 84.54950529999999
1701972654.417519 -2.18000 -0.00001 1 -15.000 -47.3989621 125.543201
1701972654.417519 -2.18000 -0.00001 7 -15.000 -47.3989621 125.543201
1701972654.417519 -2.18000 -0.00001 4 -15.000 -47.3989621 125.543201
1701972654.417519 -2.18000 -0.00001 3 -15.000 -47.3989621 125.543201
1701972654.417519 -2.18000 -0.00001 4 -15.000 -47.3989621 125.543201
1701972664.9901617 -2.18000 -0.00001 1 -25.000 -47.3989621 125.543201
1701972664.9901617 -2.18000 -0.00001 5 -25.000 -47.3989621 125.543201
1701972664.9901617 -2.18000 -0.00001 3 -25.000 -47.3989621 125.543201
1701972664.9901617 -2.18000 -0.00001 5 -25.000 -47.3989621 125.543201
1701972664.9901617 -2.18000 -0.00001 2 -25.000 -47.3989621 125.543201
1701972676.3558638 -2.20000 -0.00001 1 -15.000 -62.7716035 43.5558036
1701972676.3558638 -2.20000 -0.00001 5 -15.000 -62.7716035 43.5558036
1701972676.3558638 -2.20000 -0.00001 4 -15.000 -62.7716035 43.5558036
1701972676.3558638 -2.20000 -0.00001 3 -15.000 -62.7716035 43.5558036
1701972676.3558638 -2.20000 -0.00001 3 -15.000 -62.7716035 43.5558036
1701972687.0287352 -2.20000 -0.00001 1 -25.000 -62.7716035 43.5558036
1701972687.0287352 -2.20000 -0.00001 4 -25.000 -62.7716035 43.5558036
1701972687.0287352 -2.20000 -0.00001 3 -25.000 -62.7716035 43.5558036
1701972687.0287352 -2.20000 -0.00001 5 -25.000 -62.7716035 43.5558036
1701972687.0287352 -2.20000 -0.00001 3 -25.000 -62.7716035 43.5558036
1701972698.3960826 -2.22000 -0.00001 3 -15.000 -144.758999 130.667413
1701972698.3960826 -2.22000 -0.00001 14 -15.000 -144.758999 130.667413
1701972698.3960826 -2.22000 -0.00001 5 -15.000 -144.758999 130.667413
1701972698.3960826 -2.22000 -0.00001 6 -15.000 -144.758999 130.667413
1701972698.3960826 -2.22000 -0.00001 6 -15.000 -144.758999 130.667413
1701972708.9687006 -2.22000 -0.00001 6 -25.000 -144.758999 130.667413
1701972708.9687006 -2.22000 -0.00001 7 -25.000 -144.758999 130.667413
1701972708.9687006 -2.22000 -0.00001 2 -25.000 -144.758999 130.667413
1701972708.9687006 -2.22000 -0.00001 4 -25.000 -144.758999 130.667413
1701972708.9687006 -2.22000 -0.00001 4 -25.000 -144.758999 130.667413
1701972720.3347232 -2.24000 -0.00001 6 -15.000 -129.386365 58.928439399999995
1701972720.3347232 -2.24000 -0.00001 6 -15.000 -129.386365 58.928439399999995
1701972720.3347232 -2.24000 -0.00001 6 -15.000 -129.386365 58.928439399999995
1701972720.3347232 -2.24000 -0.00001 9 -15.000 -129.386365 58.928439399999995
1701972720.3347232 -2.24000 -0.00001 5 -15.000 -129.386365 58.928439399999995
1701972731.010577 -2.24000 -0.00001 6 -25.000 -129.386365 58.928439399999995
1701972731.010577 -2.24000 -0.00001 9 -25.000 -129.386365 58.928439399999995
1701972731.010577 -2.24000 -0.00001 10 -25.000 -129.386365 58.928439399999995
1701972731.010577 -2.24000 -0.00001 3 -25.000 -129.386365 58.928439399999995
1701972731.010577 -2.24000 -0.00001 8 -25.000 -129.386365 58.928439399999995
1701972742.2731001 -2.26000 -0.00001 9 -15.000 -26.902115000000002 171.661112
1701972742.2731001 -2.26000 -0.00001 5 -15.000 -26.902115000000002 171.661112
1701972742.2731001 -2.26000 -0.00001 10 -15.000 -26.902115000000002 171.661112
1701972742.2731001 -2.26000 -0.00001 8 -15.000 -26.902115000000002 171.661112
1701972742.2731001 -2.26000 -0.00001 14 -15.000 -26.902115000000002 171.661112
1701972753.0492558 -2.26000 -0.00001 12 -25.000 -26.902115000000002 171.661112
1701972753.0492558 -2.26000 -0.00001 4 -25.000 -26.902115000000002 171.661112
1701972753.0492558 -2.26000 -0.00001 15 -25.000 -26.902115000000002 171.661112
1701972753.0492558 -2.26000 -0.00001 13 -25.000 -26.902115000000002 171.661112
1701972753.0492558 -2.26000 -0.00001 9 -25.000 -26.902115000000002 171.661112
1701972764.2150357 -2.28000 -0.00001 13 -15.000 -139.63478800000001 156.288477
1701972764.2150357 -2.28000 -0.00001 13 -15.000 -139.63478800000001 156.288477
1701972764.2150357 -2.28000 -0.00001 23 -15.000 -139.63478800000001 156.288477
1701972764.2150357 -2.28000 -0.00001 14 -15.000 -139.63478800000001 156.288477
1701972764.2150357 -2.28000 -0.00001 11 -15.000 -139.63478800000001 156.288477
1701972774.9872599 -2.28000 -0.00001 11 -25.000 -139.63478800000001 156.288477
1701972774.9872599 -2.28000 -0.00001 19 -25.000 -139.63478800000001 156.288477
1701972774.9872599 -2.28000 -0.00001 6 -25.000 -139.63478800000001 156.288477
1701972774.9872599 -2.28000 -0.00001 8 -25.000 -139.63478800000001 156.288477
1701972774.9872599 -2.28000 -0.00001 15 -25.000 -139.63478800000001 156.288477
1701972786.3593042 -2.30000 -0.00001 13 -15.000 -155.00742200000002 94.79792789999999
1701972786.3593042 -2.30000 -0.00001 14 -15.000 -155.00742200000002 94.79792789999999
1701972786.3593042 -2.30000 -0.00001 11 -15.000 -155.00742200000002 94.79792789999999
1701972786.3593042 -2.30000 -0.00001 16 -15.000 -155.00742200000002 94.79792789999999
1701972786.3593042 -2.30000 -0.00001 20 -15.000 -155.00742200000002 94.79792789999999
1701972797.0407946 -2.30000 -0.00001 14 -25.000 -155.00742200000002 94.79792789999999
1701972797.0407946 -2.30000 -0.00001 16 -25.000 -155.00742200000002 94.79792789999999
1701972797.0407946 -2.30000 -0.00001 16 -25.000 -155.00742200000002 94.79792789999999
1701972797.0407946 -2.30000 -0.00001 19 -25.000 -155.00742200000002 94.79792789999999
1701972797.0407946 -2.30000 -0.00001 15 -25.000 -155.00742200000002 94.79792789999999
1701972808.2929454 -2.32000 -0.00001 14 -15.000 -155.00742200000002 171.661112
1701972808.2929454 -2.32000 -0.00001 19 -15.000 -155.00742200000002 171.661112
1701972808.2929454 -2.32000 -0.00001 34 -15.000 -155.00742200000002 171.661112
1701972808.2929454 -2.32000 -0.00001 29 -15.000 -155.00742200000002 171.661112
1701972808.2929454 -2.32000 -0.00001 17 -15.000 -155.00742200000002 171.661112
1701972818.9546902 -2.32000 -0.00001 25 -25.000 -155.00742200000002 171.661112
1701972818.9546902 -2.32000 -0.00001 19 -25.000 -155.00742200000002 171.661112
1701972818.9546902 -2.32000 -0.00001 16 -25.000 -155.00742200000002 171.661112
1701972818.9546902 -2.32000 -0.00001 15 -25.000 -155.00742200000002 171.661112
1701972818.9546902 -2.32000 -0.00001 26 -25.000 -155.00742200000002 171.661112
1701972830.2325747 -2.34000 -0.00001 30 -15.000 -155.00742200000002 171.661112
1701972830.2325747 -2.34000 -0.00001 34 -15.000 -155.00742200000002 171.661112
1701972830.2325747 -2.34000 -0.00001 26 -15.000 -155.00742200000002 171.661112
1701972830.2325747 -2.34000 -0.00001 28 -15.000 -155.00742200000002 171.661112
1701972830.2325747 -2.34000 -0.00001 31 -15.000 -155.00742200000002 171.661112
1701972841.0193949 -2.34000 -0.00001 21 -25.000 -155.00742200000002 171.661112
1701972841.0193949 -2.34000 -0.00001 19 -25.000 -155.00742200000002 171.661112
1701972841.0193949 -2.34000 -0.00001 29 -25.000 -155.00742200000002 171.661112
1701972841.0193949 -2.34000 -0.00001 30 -25.000 -155.00742200000002 171.661112
1701972841.0193949 -2.34000 -0.00001 28 -25.000 -155.00742200000002 171.661112
1701972852.275498 -2.36000 -0.00001 34 -15.000 -160.131633 181.909535
1701972852.275498 -2.36000 -0.00001 26 -15.000 -160.131633 181.909535
1701972852.275498 -2.36000 -0.00001 29 -15.000 -160.131633 181.909535
1701972852.275498 -2.36000 -0.00001 32 -15.000 -160.131633 181.909535
1701972852.275498 -2.36000 -0.00001 30 -15.000 -160.131633 181.909535
1701972863.0512483 -2.36000 -0.00001 32 -25.000 -160.131633 181.909535
1701972863.0512483 -2.36000 -0.00001 27 -25.000 -160.131633 181.909535
1701972863.0512483 -2.36000 -0.00001 39 -25.000 -160.131633 181.909535
1701972863.0512483 -2.36000 -0.00001 34 -25.000 -160.131633 181.909535
1701972863.0512483 -2.36000 -0.00001 38 -25.000 -160.131633 181.909535
1701972874.218595 -2.38000 -0.00001 46 -15.000 -160.131633 187.033748
1701972874.218595 -2.38000 -0.00001 46 -15.000 -160.131633 187.033748
1701972874.218595 -2.38000 -0.00001 50 -15.000 -160.131633 187.033748
1701972874.218595 -2.38000 -0.00001 46 -15.000 -160.131633 187.033748
1701972874.218595 -2.38000 -0.00001 36 -15.000 -160.131633 187.033748
1701972884.9753344 -2.38000 -0.00001 38 -25.000 -160.131633 187.033748
1701972884.9753344 -2.38000 -0.00001 57 -25.000 -160.131633 187.033748
1701972884.9753344 -2.38000 -0.00001 57 -25.000 -160.131633 187.033748
1701972884.9753344 -2.38000 -0.00001 43 -25.000 -160.131633 187.033748
1701972884.9753344 -2.38000 -0.00001 34 -25.000 -160.131633 187.033748
1701972896.3517203 -2.40000 -0.00001 68 -15.000 -160.131633 192.15796
1701972896.3517203 -2.40000 -0.00001 69 -15.000 -160.131633 192.15796
1701972896.3517203 -2.40000 -0.00001 52 -15.000 -160.131633 192.15796
1701972896.3517203 -2.40000 -0.00001 55 -15.000 -160.131633 192.15796
1701972896.3517203 -2.40000 -0.00001 45 -15.000 -160.131633 192.15796
1701972907.0238352 -2.40000 -0.00001 49 -25.000 -160.131633 192.15796
1701972907.0238352 -2.40000 -0.00001 57 -25.000 -160.131633 192.15796
1701972907.0238352 -2.40000 -0.00001 52 -25.000 -160.131633 192.15796
1701972907.0238352 -2.40000 -0.00001 50 -25.000 -160.131633 192.15796
1701972907.0238352 -2.40000 -0.00001 68 -25.000 -160.131633 192.15796
1701972918.3908434 -2.42000 -0.00001 68 -15.000 -165.25584500000002 192.15796
1701972918.3908434 -2.42000 -0.00001 64 -15.000 -165.25584500000002 192.15796
1701972918.3908434 -2.42000 -0.00001 61 -15.000 -165.25584500000002 192.15796
1701972918.3908434 -2.42000 -0.00001 53 -15.000 -165.25584500000002 192.15796
1701972918.3908434 -2.42000 -0.00001 77 -15.000 -165.25584500000002 192.15796
1701972928.9510438 -2.42000 -0.00001 78 -25.000 -165.25584500000002 192.15796
1701972928.9510438 -2.42000 -0.00001 55 -25.000 -165.25584500000002 192.15796
1701972928.9510438 -2.42000 -0.00001 83 -25.000 -165.25584500000002 192.15796
1701972928.9510438 -2.42000 -0.00001 68 -25.000 -165.25584500000002 192.15796
1701972928.9510438 -2.42000 -0.00001 73 -25.000 -165.25584500000002 192.15796
1701972940.4305732 -2.44000 -0.00001 89 -15.000 -165.25584500000002 192.15796
1701972940.4305732 -2.44000 -0.00001 76 -15.000 -165.25584500000002 192.15796
1701972940.4305732 -2.44000 -0.00001 90 -15.000 -165.25584500000002 192.15796
1701972940.4305732 -2.44000 -0.00001 77 -15.000 -165.25584500000002 192.15796
1701972940.4305732 -2.44000 -0.00001 90 -15.000 -165.25584500000002 192.15796
1701972951.0041401 -2.44000 -0.00001 78 -25.000 -165.25584500000002 192.15796
1701972951.0041401 -2.44000 -0.00001 75 -25.000 -165.25584500000002 192.15796
1701972951.0041401 -2.44000 -0.00001 89 -25.000 -165.25584500000002 192.15796
1701972951.0041401 -2.44000 -0.00001 98 -25.000 -165.25584500000002 192.15796
1701972951.0041401 -2.44000 -0.00001 71 -25.000 -165.25584500000002 192.15796
1701972962.3698368 -2.46000 -0.00001 89 -15.000 -170.380056 192.15796
1701972962.3698368 -2.46000 -0.00001 100 -15.000 -170.380056 192.15796
1701972962.3698368 -2.46000 -0.00001 108 -15.000 -170.380056 192.15796
1701972962.3698368 -2.46000 -0.00001 82 -15.000 -170.380056 192.15796
1701972962.3698368 -2.46000 -0.00001 101 -15.000 -170.380056 192.15796
1701972973.0549364 -2.46000 -0.00001 77 -25.000 -170.380056 192.15796
1701972973.0549364 -2.46000 -0.00001 95 -25.000 -170.380056 192.15796
1701972973.0549364 -2.46000 -0.00001 91 -25.000 -170.380056 192.15796
1701972973.0549364 -2.46000 -0.00001 97 -25.000 -170.380056 192.15796
1701972973.0549364 -2.46000 -0.00001 94 -25.000 -170.380056 192.15796
1701972984.3135848 -2.48000 -0.00001 123 -15.000 -170.380056 202.406382
1701972984.3135848 -2.48000 -0.00001 111 -15.000 -170.380056 202.406382
1701972984.3135848 -2.48000 -0.00001 115 -15.000 -170.380056 202.406382
1701972984.3135848 -2.48000 -0.00001 111 -15.000 -170.380056 202.406382
1701972984.3135848 -2.48000 -0.00001 127 -15.000 -170.380056 202.406382
1701972994.9706867 -2.48000 -0.00001 96 -25.000 -170.380056 202.406382
1701972994.9706867 -2.48000 -0.00001 123 -25.000 -170.380056 202.406382
1701972994.9706867 -2.48000 -0.00001 126 -25.000 -170.380056 202.406382
1701972994.9706867 -2.48000 -0.00001 99 -25.000 -170.380056 202.406382
1701972994.9706867 -2.48000 -0.00001 119 -25.000 -170.380056 202.406382
1701973006.348788 -2.50000 -0.00001 127 -15.000 -175.504267 202.406382
1701973006.348788 -2.50000 -0.00001 127 -15.000 -175.504267 202.406382
1701973006.348788 -2.50000 -0.00001 133 -15.000 -175.504267 202.406382
1701973006.348788 -2.50000 -0.00001 95 -15.000 -175.504267 202.406382
1701973006.348788 -2.50000 -0.00001 135 -15.000 -175.504267 202.406382
1701973017.021594 -2.50000 -0.00001 101 -25.000 -175.504267 202.406382
1701973017.021594 -2.50000 -0.00001 111 -25.000 -175.504267 202.406382
1701973017.021594 -2.50000 -0.00001 144 -25.000 -175.504267 202.406382
1701973017.021594 -2.50000 -0.00001 141 -25.000 -175.504267 202.406382
1701973017.021594 -2.50000 -0.00001 119 -25.000 -175.504267 202.406382
1701973028.2942846 -2.52000 -0.00001 137 -15.000 -175.504267 202.406382
1701973028.2942846 -2.52000 -0.00001 166 -15.000 -175.504267 202.406382
1701973028.2942846 -2.52000 -0.00001 143 -15.000 -175.504267 202.406382
1701973028.2942846 -2.52000 -0.00001 135 -15.000 -175.504267 202.406382
1701973028.2942846 -2.52000 -0.00001 168 -15.000 -175.504267 202.406382
1701973038.949705 -2.52000 -0.00001 164 -25.000 -175.504267 202.406382
1701973038.949705 -2.52000 -0.00001 145 -25.000 -175.504267 202.406382
1701973038.949705 -2.52000 -0.00001 148 -25.000 -175.504267 202.406382
1701973038.949705 -2.52000 -0.00001 136 -25.000 -175.504267 202.406382
1701973038.949705 -2.52000 -0.00001 161 -25.000 -175.504267 202.406382
1701973050.3345568 -2.54000 -0.00001 170 -15.000 -175.504267 202.406382
1701973050.3345568 -2.54000 -0.00001 162 -15.000 -175.504267 202.406382
1701973050.3345568 -2.54000 -0.00001 166 -15.000 -175.504267 202.406382
1701973050.3345568 -2.54000 -0.00001 173 -15.000 -175.504267 202.406382
1701973050.3345568 -2.54000 -0.00001 173 -15.000 -175.504267 202.406382
1701973061.0025206 -2.54000 -0.00001 175 -25.000 -175.504267 202.406382
1701973061.0025206 -2.54000 -0.00001 161 -25.000 -175.504267 202.406382
1701973061.0025206 -2.54000 -0.00001 176 -25.000 -175.504267 202.406382
1701973061.0025206 -2.54000 -0.00001 165 -25.000 -175.504267 202.406382
1701973061.0025206 -2.54000 -0.00001 158 -25.000 -175.504267 202.406382
1701973072.2673523 -2.56000 -0.00001 189 -15.000 -180.628479 207.530593
1701973072.2673523 -2.56000 -0.00001 193 -15.000 -180.628479 207.530593
1701973072.2673523 -2.56000 -0.00001 175 -15.000 -180.628479 207.530593
1701973072.2673523 -2.56000 -0.00001 199 -15.000 -180.628479 207.530593
1701973072.2673523 -2.56000 -0.00001 186 -15.000 -180.628479 207.530593
1701973083.0307505 -2.56000 -0.00001 214 -25.000 -180.628479 207.530593
1701973083.0307505 -2.56000 -0.00001 169 -25.000 -180.628479 207.530593
1701973083.0307505 -2.56000 -0.00001 176 -25.000 -180.628479 207.530593
1701973083.0307505 -2.56000 -0.00001 156 -25.000 -180.628479 207.530593
1701973083.0307505 -2.56000 -0.00001 196 -25.000 -180.628479 207.530593
1701973094.2071557 -2.58000 -0.00001 223 -15.000 -180.628479 207.530593
1701973094.2071557 -2.58000 -0.00001 245 -15.000 -180.628479 207.530593
1701973094.2071557 -2.58000 -0.00001 213 -15.000 -180.628479 207.530593
1701973094.2071557 -2.58000 -0.00001 201 -15.000 -180.628479 207.530593
1701973094.2071557 -2.58000 -0.00001 197 -15.000 -180.628479 207.530593
1701973104.9821668 -2.58000 -0.00001 220 -25.000 -180.628479 207.530593
1701973104.9821668 -2.58000 -0.00001 222 -25.000 -180.628479 207.530593
1701973104.9821668 -2.58000 -0.00001 195 -25.000 -180.628479 207.530593
1701973104.9821668 -2.58000 -0.00001 188 -25.000 -180.628479 207.530593
1701973104.9821668 -2.58000 -0.00001 211 -25.000 -180.628479 207.530593
1701973116.246948 -2.60000 -0.00001 222 -15.000 -180.628479 212.654807
1701973116.246948 -2.60000 -0.00001 239 -15.000 -180.628479 212.654807
1701973116.246948 -2.60000 -0.00001 244 -15.000 -180.628479 212.654807
1701973116.246948 -2.60000 -0.00001 233 -15.000 -180.628479 212.654807
1701973116.246948 -2.60000 -0.00001 227 -15.000 -180.628479 212.654807
1701973127.0212731 -2.60000 -0.00001 220 -25.000 -180.628479 212.654807
1701973127.0212731 -2.60000 -0.00001 232 -25.000 -180.628479 212.654807
1701973127.0212731 -2.60000 -0.00001 218 -25.000 -180.628479 212.654807
1701973127.0212731 -2.60000 -0.00001 239 -25.000 -180.628479 212.654807
1701973127.0212731 -2.60000 -0.00001 229 -25.000 -180.628479 212.654807
1701973138.2879505 -2.62000 -0.00001 265 -15.000 -185.75269 217.77901799999998
1701973138.2879505 -2.62000 -0.00001 266 -15.000 -185.75269 217.77901799999998
1701973138.2879505 -2.62000 -0.00001 232 -15.000 -185.75269 217.77901799999998
1701973138.2879505 -2.62000 -0.00001 265 -15.000 -185.75269 217.77901799999998
1701973138.2879505 -2.62000 -0.00001 250 -15.000 -185.75269 217.77901799999998
1701973148.9486384 -2.62000 -0.00001 225 -25.000 -185.75269 217.77901799999998
1701973148.9486384 -2.62000 -0.00001 217 -25.000 -185.75269 217.77901799999998
1701973148.9486384 -2.62000 -0.00001 273 -25.000 -185.75269 217.77901799999998
1701973148.9486384 -2.62000 -0.00001 239 -25.000 -185.75269 217.77901799999998
1701973148.9486384 -2.62000 -0.00001 274 -25.000 -185.75269 217.77901799999998
1701973160.2263823 -2.64000 -0.00001 268 -15.000 -185.75269 217.77901799999998
1701973160.2263823 -2.64000 -0.00001 259 -15.000 -185.75269 217.77901799999998
1701973160.2263823 -2.64000 -0.00001 261 -15.000 -185.75269 217.77901799999998
1701973160.2263823 -2.64000 -0.00001 290 -15.000 -185.75269 217.77901799999998
1701973160.2263823 -2.64000 -0.00001 285 -15.000 -185.75269 217.77901799999998
1701973171.0011399 -2.64000 -0.00001 263 -25.000 -185.75269 217.77901799999998
1701973171.0011399 -2.64000 -0.00001 286 -25.000 -185.75269 217.77901799999998
1701973171.0011399 -2.64000 -0.00001 269 -25.000 -185.75269 217.77901799999998
1701973171.0011399 -2.64000 -0.00001 266 -25.000 -185.75269 217.77901799999998
1701973171.0011399 -2.64000 -0.00001 296 -25.000 -185.75269 217.77901799999998
1701973182.2667582 -2.66000 -0.00001 308 -15.000 -190.87690099999998 222.903229
1701973182.2667582 -2.66000 -0.00001 302 -15.000 -190.87690099999998 222.903229
1701973182.2667582 -2.66000 -0.00001 299 -15.000 -190.87690099999998 222.903229
1701973182.2667582 -2.66000 -0.00001 309 -15.000 -190.87690099999998 222.903229
1701973182.2667582 -2.66000 -0.00001 277 -15.000 -190.87690099999998 222.903229
1701973193.0418224 -2.66000 -0.00001 301 -25.000 -190.87690099999998 222.903229
1701973193.0418224 -2.66000 -0.00001 298 -25.000 -190.87690099999998 222.903229
1701973193.0418224 -2.66000 -0.00001 304 -25.000 -190.87690099999998 222.903229
1701973193.0418224 -2.66000 -0.00001 289 -25.000 -190.87690099999998 222.903229
1701973193.0418224 -2.66000 -0.00001 328 -25.000 -190.87690099999998 222.903229
1701973204.2053785 -2.68000 -0.00001 355 -15.000 -190.87690099999998 222.903229
1701973204.2053785 -2.68000 -0.00001 342 -15.000 -190.87690099999998 222.903229
1701973204.2053785 -2.68000 -0.00001 310 -15.000 -190.87690099999998 222.903229
1701973204.2053785 -2.68000 -0.00001 343 -15.000 -190.87690099999998 222.903229
1701973204.2053785 -2.68000 -0.00001 310 -15.000 -190.87690099999998 222.903229
1701973214.9816802 -2.68000 -0.00001 301 -25.000 -190.87690099999998 222.903229
1701973214.9816802 -2.68000 -0.00001 309 -25.000 -190.87690099999998 222.903229
1701973214.9816802 -2.68000 -0.00001 328 -25.000 -190.87690099999998 222.903229
1701973214.9816802 -2.68000 -0.00001 341 -25.000 -190.87690099999998 222.903229
1701973214.9816802 -2.68000 -0.00001 325 -25.000 -190.87690099999998 222.903229
1701973226.2459989 -2.70000 -0.00001 386 -15.000 -196.001112 228.027441
1701973226.2459989 -2.70000 -0.00001 355 -15.000 -196.001112 228.027441
1701973226.2459989 -2.70000 -0.00001 341 -15.000 -196.001112 228.027441
1701973226.2459989 -2.70000 -0.00001 377 -15.000 -196.001112 228.027441
1701973226.2459989 -2.70000 -0.00001 357 -15.000 -196.001112 228.027441
1701973237.014195 -2.70000 -0.00001 350 -25.000 -196.001112 228.027441
1701973237.014195 -2.70000 -0.00001 349 -25.000 -196.001112 228.027441
1701973237.014195 -2.70000 -0.00001 358 -25.000 -196.001112 228.027441
1701973237.014195 -2.70000 -0.00001 369 -25.000 -196.001112 228.027441
1701973237.014195 -2.70000 -0.00001 339 -25.000 -196.001112 228.027441
1701973248.1846902 -2.72000 -0.00001 370 -15.000 -196.001112 228.027441
1701973248.1846902 -2.72000 -0.00001 368 -15.000 -196.001112 228.027441
1701973248.1846902 -2.72000 -0.00001 417 -15.000 -196.001112 228.027441
1701973248.1846902 -2.72000 -0.00001 396 -15.000 -196.001112 228.027441
1701973248.1846902 -2.72000 -0.00001 425 -15.000 -196.001112 228.027441
1701973258.948319 -2.72000 -0.00001 390 -25.000 -196.001112 228.027441
1701973258.948319 -2.72000 -0.00001 373 -25.000 -196.001112 228.027441
1701973258.948319 -2.72000 -0.00001 357 -25.000 -196.001112 228.027441
1701973258.948319 -2.72000 -0.00001 401 -25.000 -196.001112 228.027441
1701973258.948319 -2.72000 -0.00001 375 -25.000 -196.001112 228.027441
1701973270.2259014 -2.74000 -0.00001 433 -15.000 -196.001112 228.027441
1701973270.2259014 -2.74000 -0.00001 420 -15.000 -196.001112 228.027441
1701973270.2259014 -2.74000 -0.00001 404 -15.000 -196.001112 228.027441
1701973270.2259014 -2.74000 -0.00001 431 -15.000 -196.001112 228.027441
1701973270.2259014 -2.74000 -0.00001 418 -15.000 -196.001112 228.027441
1701973281.0020735 -2.74000 -0.00001 419 -25.000 -196.001112 228.027441
1701973281.0020735 -2.74000 -0.00001 429 -25.000 -196.001112 228.027441
1701973281.0020735 -2.74000 -0.00001 443 -25.000 -196.001112 228.027441
1701973281.0020735 -2.74000 -0.00001 392 -25.000 -196.001112 228.027441
1701973281.0020735 -2.74000 -0.00001 410 -25.000 -196.001112 228.027441
1701973292.1644716 -2.76000 -0.00001 486 -15.000 -201.125324 238.27586300000002
1701973292.1644716 -2.76000 -0.00001 464 -15.000 -201.125324 238.27586300000002
1701973292.1644716 -2.76000 -0.00001 482 -15.000 -201.125324 238.27586300000002
1701973292.1644716 -2.76000 -0.00001 480 -15.000 -201.125324 238.27586300000002
1701973292.1644716 -2.76000 -0.00001 496 -15.000 -201.125324 238.27586300000002
1701973303.039984 -2.76000 -0.00001 434 -25.000 -201.125324 238.27586300000002
1701973303.039984 -2.76000 -0.00001 432 -25.000 -201.125324 238.27586300000002
1701973303.039984 -2.76000 -0.00001 478 -25.000 -201.125324 238.27586300000002
1701973303.039984 -2.76000 -0.00001 506 -25.000 -201.125324 238.27586300000002
1701973303.039984 -2.76000 -0.00001 464 -25.000 -201.125324 238.27586300000002
1701973314.2051194 -2.78000 -0.00001 509 -15.000 -201.125324 238.27586300000002
1701973314.2051194 -2.78000 -0.00001 505 -15.000 -201.125324 238.27586300000002
1701973314.2051194 -2.78000 -0.00001 514 -15.000 -201.125324 238.27586300000002
1701973314.2051194 -2.78000 -0.00001 519 -15.000 -201.125324 238.27586300000002
1701973314.2051194 -2.78000 -0.00001 519 -15.000 -201.125324 238.27586300000002
1701973324.968404 -2.78000 -0.00001 531 -25.000 -201.125324 238.27586300000002
1701973324.968404 -2.78000 -0.00001 511 -25.000 -201.125324 238.27586300000002
1701973324.968404 -2.78000 -0.00001 537 -25.000 -201.125324 238.27586300000002
1701973324.968404 -2.78000 -0.00001 522 -25.000 -201.125324 238.27586300000002
1701973324.968404 -2.78000 -0.00001 524 -25.000 -201.125324 238.27586300000002
1701973336.3460474 -2.80000 -0.00001 540 -15.000 -201.125324 243.40008899999998
1701973336.3460474 -2.80000 -0.00001 537 -15.000 -201.125324 243.40008899999998
1701973336.3460474 -2.80000 -0.00001 551 -15.000 -201.125324 243.40008899999998
1701973336.3460474 -2.80000 -0.00001 563 -15.000 -201.125324 243.40008899999998
1701973336.3460474 -2.80000 -0.00001 539 -15.000 -201.125324 243.40008899999998
1701973347.020773 -2.80000 -0.00001 575 -25.000 -201.125324 243.40008899999998
1701973347.020773 -2.80000 -0.00001 576 -25.000 -201.125324 243.40008899999998
1701973347.020773 -2.80000 -0.00001 561 -25.000 -201.125324 243.40008899999998
1701973347.020773 -2.80000 -0.00001 537 -25.000 -201.125324 243.40008899999998
1701973347.020773 -2.80000 -0.00001 536 -25.000 -201.125324 243.40008899999998
1701973358.1845927 -2.82000 -0.00001 628 -15.000 -201.125324 243.40008899999998
1701973358.1845927 -2.82000 -0.00001 578 -15.000 -201.125324 243.40008899999998
1701973358.1845927 -2.82000 -0.00001 656 -15.000 -201.125324 243.40008899999998
1701973358.1845927 -2.82000 -0.00001 619 -15.000 -201.125324 243.40008899999998
1701973358.1845927 -2.82000 -0.00001 606 -15.000 -201.125324 243.40008899999998
1701973368.9469159 -2.82000 -0.00001 600 -25.000 -201.125324 243.40008899999998
1701973368.9469159 -2.82000 -0.00001 611 -25.000 -201.125324 243.40008899999998
1701973368.9469159 -2.82000 -0.00001 634 -25.000 -201.125324 243.40008899999998
1701973368.9469159 -2.82000 -0.00001 611 -25.000 -201.125324 243.40008899999998
1701973368.9469159 -2.82000 -0.00001 629 -25.000 -201.125324 243.40008899999998
1701973380.2246828 -2.84000 -0.00001 621 -15.000 -206.24955 243.40008899999998
1701973380.2246828 -2.84000 -0.00001 670 -15.000 -206.24955 243.40008899999998
1701973380.2246828 -2.84000 -0.00001 698 -15.000 -206.24955 243.40008899999998
1701973380.2246828 -2.84000 -0.00001 687 -15.000 -206.24955 243.40008899999998
1701973380.2246828 -2.84000 -0.00001 688 -15.000 -206.24955 243.40008899999998
1701973391.0007339 -2.84000 -0.00001 672 -25.000 -206.24955 243.40008899999998
1701973391.0007339 -2.84000 -0.00001 680 -25.000 -206.24955 243.40008899999998
1701973391.0007339 -2.84000 -0.00001 719 -25.000 -206.24955 243.40008899999998
1701973391.0007339 -2.84000 -0.00001 661 -25.000 -206.24955 243.40008899999998
1701973391.0007339 -2.84000 -0.00001 677 -25.000 -206.24955 243.40008899999998
1701973402.2654505 -2.86000 -0.00001 762 -15.000 -211.373761 243.40008899999998
1701973402.2654505 -2.86000 -0.00001 784 -15.000 -211.373761 243.40008899999998
1701973402.2654505 -2.86000 -0.00001 745 -15.000 -211.373761 243.40008899999998
1701973402.2654505 -2.86000 -0.00001 781 -15.000 -211.373761 243.40008899999998
1701973402.2654505 -2.86000 -0.00001 787 -15.000 -211.373761 243.40008899999998
1701973413.040547 -2.86000 -0.00001 750 -25.000 -211.373761 243.40008899999998
1701973413.040547 -2.86000 -0.00001 743 -25.000 -211.373761 243.40008899999998
1701973413.040547 -2.86000 -0.00001 749 -25.000 -211.373761 243.40008899999998
1701973413.040547 -2.86000 -0.00001 775 -25.000 -211.373761 243.40008899999998
1701973413.040547 -2.86000 -0.00001 772 -25.000 -211.373761 243.40008899999998
1701973424.2038295 -2.88000 -0.00001 837 -15.000 -211.373761 248.524301
1701973424.2038295 -2.88000 -0.00001 838 -15.000 -211.373761 248.524301
1701973424.2038295 -2.88000 -0.00001 874 -15.000 -211.373761 248.524301
1701973424.2038295 -2.88000 -0.00001 830 -15.000 -211.373761 248.524301
1701973424.2038295 -2.88000 -0.00001 886 -15.000 -211.373761 248.524301
1701973434.981355 -2.88000 -0.00001 885 -25.000 -211.373761 248.524301
1701973434.981355 -2.88000 -0.00001 845 -25.000 -211.373761 248.524301
1701973434.981355 -2.88000 -0.00001 818 -25.000 -211.373761 248.524301
1701973434.981355 -2.88000 -0.00001 829 -25.000 -211.373761 248.524301
1701973434.981355 -2.88000 -0.00001 876 -25.000 -211.373761 248.524301
1701973446.24467 -2.90000 -0.00001 882 -15.000 -211.373761 248.524301
1701973446.24467 -2.90000 -0.00001 917 -15.000 -211.373761 248.524301
1701973446.24467 -2.90000 -0.00001 922 -15.000 -211.373761 248.524301
1701973446.24467 -2.90000 -0.00001 948 -15.000 -211.373761 248.524301
1701973446.24467 -2.90000 -0.00001 934 -15.000 -211.373761 248.524301
1701973457.0324647 -2.90000 -0.00001 907 -25.000 -211.373761 248.524301
1701973457.0324647 -2.90000 -0.00001 932 -25.000 -211.373761 248.524301
1701973457.0324647 -2.90000 -0.00001 898 -25.000 -211.373761 248.524301
1701973457.0324647 -2.90000 -0.00001 928 -25.000 -211.373761 248.524301
1701973457.0324647 -2.90000 -0.00001 939 -25.000 -211.373761 248.524301
1701973468.284241 -2.92000 -0.00002 1039 -15.000 -216.497973 253.64851199999998
1701973468.284241 -2.92000 -0.00002 1041 -15.000 -216.497973 253.64851199999998
1701973468.284241 -2.92000 -0.00002 1044 -15.000 -216.497973 253.64851199999998
1701973468.284241 -2.92000 -0.00002 1043 -15.000 -216.497973 253.64851199999998
1701973468.284241 -2.92000 -0.00002 1030 -15.000 -216.497973 253.64851199999998
1701973478.9465976 -2.92000 -0.00002 1002 -25.000 -216.497973 253.64851199999998
1701973478.9465976 -2.92000 -0.00002 1014 -25.000 -216.497973 253.64851199999998
1701973478.9465976 -2.92000 -0.00002 1022 -25.000 -216.497973 253.64851199999998
1701973478.9465976 -2.92000 -0.00002 1020 -25.000 -216.497973 253.64851199999998
1701973478.9465976 -2.92000 -0.00002 1035 -25.000 -216.497973 253.64851199999998
1701973490.2242517 -2.94000 -0.00001 1107 -15.000 -216.497973 253.64851199999998
1701973490.2242517 -2.94000 -0.00001 1135 -15.000 -216.497973 253.64851199999998
1701973490.2242517 -2.94000 -0.00001 1145 -15.000 -216.497973 253.64851199999998
1701973490.2242517 -2.94000 -0.00001 1129 -15.000 -216.497973 253.64851199999998
1701973490.2242517 -2.94000 -0.00001 1132 -15.000 -216.497973 253.64851199999998
1701973501.0019815 -2.94000 -0.00001 1100 -25.000 -216.497973 253.64851199999998
1701973501.0019815 -2.94000 -0.00001 1120 -25.000 -216.497973 253.64851199999998
1701973501.0019815 -2.94000 -0.00001 1147 -25.000 -216.497973 253.64851199999998
1701973501.0019815 -2.94000 -0.00001 1135 -25.000 -216.497973 253.64851199999998
1701973501.0019815 -2.94000 -0.00001 1149 -25.000 -216.497973 253.64851199999998
1701973512.264356 -2.96000 -0.00001 1247 -15.000 -221.622184 258.772723
1701973512.264356 -2.96000 -0.00001 1231 -15.000 -221.622184 258.772723
1701973512.264356 -2.96000 -0.00001 1207 -15.000 -221.622184 258.772723
1701973512.264356 -2.96000 -0.00001 1208 -15.000 -221.622184 258.772723
1701973512.264356 -2.96000 -0.00001 1163 -15.000 -221.622184 258.772723
1701973523.0440092 -2.96000 -0.00001 1239 -25.000 -221.622184 258.772723
1701973523.0440092 -2.96000 -0.00001 1204 -25.000 -221.622184 258.772723
1701973523.0440092 -2.96000 -0.00001 1222 -25.000 -221.622184 258.772723
1701973523.0440092 -2.96000 -0.00001 1303 -25.000 -221.622184 258.772723
1701973523.0440092 -2.96000 -0.00001 1242 -25.000 -221.622184 258.772723
1701973534.20227 -2.98000 -0.00001 1325 -15.000 -221.622184 263.896935
1701973534.20227 -2.98000 -0.00001 1385 -15.000 -221.622184 263.896935
1701973534.20227 -2.98000 -0.00001 1333 -15.000 -221.622184 263.896935
1701973534.20227 -2.98000 -0.00001 1353 -15.000 -221.622184 263.896935
1701973534.20227 -2.98000 -0.00001 1336 -15.000 -221.622184 263.896935
1701973544.9646251 -2.98000 -0.00001 1339 -25.000 -221.622184 263.896935
1701973544.9646251 -2.98000 -0.00001 1360 -25.000 -221.622184 263.896935
1701973544.9646251 -2.98000 -0.00001 1331 -25.000 -221.622184 263.896935
1701973544.9646251 -2.98000 -0.00001 1338 -25.000 -221.622184 263.896935
1701973544.9646251 -2.98000 -0.00001 1339 -25.000 -221.622184 263.896935
1701973556.2419899 -3.00000 -0.00001 1481 -15.000 -221.622184 263.896935
1701973556.2419899 -3.00000 -0.00001 1442 -15.000 -221.622184 263.896935
1701973556.2419899 -3.00000 -0.00001 1475 -15.000 -221.622184 263.896935
1701973556.2419899 -3.00000 -0.00001 1501 -15.000 -221.622184 263.896935
1701973556.2419899 -3.00000 -0.00001 1462 -15.000 -221.622184 263.896935
1701973567.0311325 -3.00000 -0.00001 1467 -25.000 -221.622184 263.896935
1701973567.0311325 -3.00000 -0.00001 1472 -25.000 -221.622184 263.896935
1701973567.0311325 -3.00000 -0.00001 1471 -25.000 -221.622184 263.896935
1701973567.0311325 -3.00000 -0.00001 1397 -25.000 -221.622184 263.896935
1701973567.0311325 -3.00000 -0.00001 1440 -25.000 -221.622184 263.896935
1701973578.1813297 -3.02000 -0.00002 1566 -15.000 -226.74639499999998 269.021146
1701973578.1813297 -3.02000 -0.00002 1584 -15.000 -226.74639499999998 269.021146
1701973578.1813297 -3.02000 -0.00002 1610 -15.000 -226.74639499999998 269.021146
1701973578.1813297 -3.02000 -0.00002 1588 -15.000 -226.74639499999998 269.021146
1701973578.1813297 -3.02000 -0.00002 1592 -15.000 -226.74639499999998 269.021146
1701973588.945258 -3.02000 -0.00002 1617 -25.000 -226.74639499999998 269.021146
1701973588.945258 -3.02000 -0.00002 1575 -25.000 -226.74639499999998 269.021146
1701973588.945258 -3.02000 -0.00002 1605 -25.000 -226.74639499999998 269.021146
1701973588.945258 -3.02000 -0.00002 1557 -25.000 -226.74639499999998 269.021146
1701973588.945258 -3.02000 -0.00002 1517 -25.000 -226.74639499999998 269.021146
1701973600.222271 -3.04000 -0.00001 1731 -15.000 -226.74639499999998 269.021146
1701973600.222271 -3.04000 -0.00001 1736 -15.000 -226.74639499999998 269.021146
1701973600.222271 -3.04000 -0.00001 1713 -15.000 -226.74639499999998 269.021146
1701973600.222271 -3.04000 -0.00001 1664 -15.000 -226.74639499999998 269.021146
1701973600.222271 -3.04000 -0.00001 1741 -15.000 -226.74639499999998 269.021146
1701973610.9982703 -3.04000 -0.00001 1702 -25.000 -226.74639499999998 269.021146
1701973610.9982703 -3.04000 -0.00001 1757 -25.000 -226.74639499999998 269.021146
1701973610.9982703 -3.04000 -0.00001 1732 -25.000 -226.74639499999998 269.021146
1701973610.9982703 -3.04000 -0.00001 1667 -25.000 -226.74639499999998 269.021146
1701973610.9982703 -3.04000 -0.00001 1710 -25.000 -226.74639499999998 269.021146
1701973622.2631254 -3.06000 -0.00002 1835 -15.000 -231.870607 274.145357
1701973622.2631254 -3.06000 -0.00002 1876 -15.000 -231.870607 274.145357
1701973622.2631254 -3.06000 -0.00002 1833 -15.000 -231.870607 274.145357
1701973622.2631254 -3.06000 -0.00002 1823 -15.000 -231.870607 274.145357
1701973622.2631254 -3.06000 -0.00002 1836 -15.000 -231.870607 274.145357
1701973633.0384798 -3.06000 -0.00002 1872 -25.000 -231.870607 274.145357
1701973633.0384798 -3.06000 -0.00002 1826 -25.000 -231.870607 274.145357
1701973633.0384798 -3.06000 -0.00002 1894 -25.000 -231.870607 274.145357
1701973633.0384798 -3.06000 -0.00002 1800 -25.000 -231.870607 274.145357
1701973633.0384798 -3.06000 -0.00002 1792 -25.000 -231.870607 274.145357
1701973644.2022288 -3.08000 -0.00002 1959 -15.000 -247.24324000000001 274.145357
1701973644.2022288 -3.08000 -0.00002 1953 -15.000 -247.24324000000001 274.145357
1701973644.2022288 -3.08000 -0.00002 1950 -15.000 -247.24324000000001 274.145357
1701973644.2022288 -3.08000 -0.00002 1977 -15.000 -247.24324000000001 274.145357
1701973644.2022288 -3.08000 -0.00002 1992 -15.000 -247.24324000000001 274.145357
1701973654.9657328 -3.08000 -0.00002 1982 -25.000 -247.24324000000001 274.145357
1701973654.9657328 -3.08000 -0.00002 1960 -25.000 -247.24324000000001 274.145357
1701973654.9657328 -3.08000 -0.00002 1973 -25.000 -247.24324000000001 274.145357
1701973654.9657328 -3.08000 -0.00002 1969 -25.000 -247.24324000000001 274.145357
1701973654.9657328 -3.08000 -0.00002 1957 -25.000 -247.24324000000001 274.145357
1701973666.1424108 -3.10000 -0.00002 2137 -15.000 -231.870607 274.145357
1701973666.1424108 -3.10000 -0.00002 2082 -15.000 -231.870607 274.145357
1701973666.1424108 -3.10000 -0.00002 2094 -15.000 -231.870607 274.145357
1701973666.1424108 -3.10000 -0.00002 2089 -15.000 -231.870607 274.145357
1701973666.1424108 -3.10000 -0.00002 2084 -15.000 -231.870607 274.145357
1701973677.0053086 -3.10000 -0.00002 2135 -25.000 -231.870607 274.145357
1701973677.0053086 -3.10000 -0.00002 2085 -25.000 -231.870607 274.145357
1701973677.0053086 -3.10000 -0.00002 2062 -25.000 -231.870607 274.145357
1701973677.0053086 -3.10000 -0.00002 2101 -25.000 -231.870607 274.145357
1701973677.0053086 -3.10000 -0.00002 2064 -25.000 -231.870607 274.145357
1701973688.2828748 -3.12000 -0.00002 2223 -15.000 -236.994818 284.39378
1701973688.2828748 -3.12000 -0.00002 2226 -15.000 -236.994818 284.39378
1701973688.2828748 -3.12000 -0.00002 2224 -15.000 -236.994818 284.39378
1701973688.2828748 -3.12000 -0.00002 2228 -15.000 -236.994818 284.39378
1701973688.2828748 -3.12000 -0.00002 2249 -15.000 -236.994818 284.39378
1701973698.9578042 -3.12000 -0.00002 2227 -25.000 -236.994818 284.39378
1701973698.9578042 -3.12000 -0.00002 2218 -25.000 -236.994818 284.39378
1701973698.9578042 -3.12000 -0.00002 2252 -25.000 -236.994818 284.39378
1701973698.9578042 -3.12000 -0.00002 2218 -25.000 -236.994818 284.39378
1701973698.9578042 -3.12000 -0.00002 2192 -25.000 -236.994818 284.39378
1701973710.2223592 -3.14000 -0.00002 2384 -15.000 -236.994818 284.39378
1701973710.2223592 -3.14000 -0.00002 2345 -15.000 -236.994818 284.39378
1701973710.2223592 -3.14000 -0.00002 2337 -15.000 -236.994818 284.39378
1701973710.2223592 -3.14000 -0.00002 2345 -15.000 -236.994818 284.39378
1701973710.2223592 -3.14000 -0.00002 2358 -15.000 -236.994818 284.39378
1701973720.996376 -3.14000 -0.00002 2333 -25.000 -236.994818 284.39378
1701973720.996376 -3.14000 -0.00002 2354 -25.000 -236.994818 284.39378
1701973720.996376 -3.14000 -0.00002 2312 -25.000 -236.994818 284.39378
1701973720.996376 -3.14000 -0.00002 2383 -25.000 -236.994818 284.39378
1701973720.996376 -3.14000 -0.00002 2356 -25.000 -236.994818 284.39378
1701973732.161162 -3.16000 -0.00002 2461 -15.000 -242.119029 279.269569
1701973732.161162 -3.16000 -0.00002 2476 -15.000 -242.119029 279.269569
1701973732.161162 -3.16000 -0.00002 2460 -15.000 -242.119029 279.269569
1701973732.161162 -3.16000 -0.00002 2547 -15.000 -242.119029 279.269569
1701973732.161162 -3.16000 -0.00002 2437 -15.000 -242.119029 279.269569
1701973743.027165 -3.16000 -0.00002 2464 -25.000 -242.119029 279.269569
1701973743.027165 -3.16000 -0.00002 2469 -25.000 -242.119029 279.269569
1701973743.027165 -3.16000 -0.00002 2454 -25.000 -242.119029 279.269569
1701973743.027165 -3.16000 -0.00002 2502 -25.000 -242.119029 279.269569
1701973743.027165 -3.16000 -0.00002 2498 -25.000 -242.119029 279.269569
1701973754.2073355 -3.18000 -0.00002 2613 -15.000 -242.119029 289.517991
1701973754.2073355 -3.18000 -0.00002 2628 -15.000 -242.119029 289.517991
1701973754.2073355 -3.18000 -0.00002 2603 -15.000 -242.119029 289.517991
1701973754.2073355 -3.18000 -0.00002 2589 -15.000 -242.119029 289.517991
1701973754.2073355 -3.18000 -0.00002 2611 -15.000 -242.119029 289.517991
1701973764.9648309 -3.18000 -0.00002 2583 -25.000 -242.119029 289.517991
1701973764.9648309 -3.18000 -0.00002 2575 -25.000 -242.119029 289.517991
1701973764.9648309 -3.18000 -0.00002 2597 -25.000 -242.119029 289.517991
1701973764.9648309 -3.18000 -0.00002 2568 -25.000 -242.119029 289.517991
1701973764.9648309 -3.18000 -0.00002 2604 -25.000 -242.119029 289.517991
1701973776.246075 -3.20000 -0.00002 2799 -15.000 -242.119029 289.517991
1701973776.246075 -3.20000 -0.00002 2766 -15.000 -242.119029 289.517991
1701973776.246075 -3.20000 -0.00002 2736 -15.000 -242.119029 289.517991
1701973776.246075 -3.20000 -0.00002 2732 -15.000 -242.119029 289.517991
1701973776.246075 -3.20000 -0.00002 2708 -15.000 -242.119029 289.517991
1701973787.016283 -3.20000 -0.00002 2741 -25.000 -242.119029 289.517991
1701973787.016283 -3.20000 -0.00002 2736 -25.000 -242.119029 289.517991
1701973787.016283 -3.20000 -0.00002 2702 -25.000 -242.119029 289.517991
1701973787.016283 -3.20000 -0.00002 2765 -25.000 -242.119029 289.517991
1701973787.016283 -3.20000 -0.00002 2739 -25.000 -242.119029 289.517991
1701973798.2819989 -3.22000 -0.00002 2883 -15.000 -247.24324000000001 289.517991
1701973798.2819989 -3.22000 -0.00002 2876 -15.000 -247.24324000000001 289.517991
1701973798.2819989 -3.22000 -0.00002 2866 -15.000 -247.24324000000001 289.517991
1701973798.2819989 -3.22000 -0.00002 2881 -15.000 -247.24324000000001 289.517991
1701973798.2819989 -3.22000 -0.00002 2841 -15.000 -247.24324000000001 289.517991
1701973808.9437919 -3.22000 -0.00002 2876 -25.000 -247.24324000000001 289.517991
1701973808.9437919 -3.22000 -0.00002 2886 -25.000 -247.24324000000001 289.517991
1701973808.9437919 -3.22000 -0.00002 2851 -25.000 -247.24324000000001 289.517991
1701973808.9437919 -3.22000 -0.00002 2856 -25.000 -247.24324000000001 289.517991
1701973808.9437919 -3.22000 -0.00002 2824 -25.000 -247.24324000000001 289.517991
1701973820.3217273 -3.24000 -0.00002 2976 -15.000 -257.491678 294.642203
1701973820.3217273 -3.24000 -0.00002 2972 -15.000 -257.491678 294.642203
1701973820.3217273 -3.24000 -0.00002 2992 -15.000 -257.491678 294.642203
1701973820.3217273 -3.24000 -0.00002 2997 -15.000 -257.491678 294.642203
1701973820.3217273 -3.24000 -0.00002 2999 -15.000 -257.491678 294.642203
1701973830.9939575 -3.24000 -0.00002 2943 -25.000 -257.491678 294.642203
1701973830.9939575 -3.24000 -0.00002 2980 -25.000 -257.491678 294.642203
1701973830.9939575 -3.24000 -0.00002 2961 -25.000 -257.491678 294.642203
1701973830.9939575 -3.24000 -0.00002 2994 -25.000 -257.491678 294.642203
1701973830.9939575 -3.24000 -0.00002 2980 -25.000 -257.491678 294.642203
1701973842.260244 -3.26000 -0.00002 3067 -15.000 -247.24324000000001 294.642203
1701973842.260244 -3.26000 -0.00002 3098 -15.000 -247.24324000000001 294.642203
1701973842.260244 -3.26000 -0.00002 3078 -15.000 -247.24324000000001 294.642203
1701973842.260244 -3.26000 -0.00002 3092 -15.000 -247.24324000000001 294.642203
1701973842.260244 -3.26000 -0.00002 3122 -15.000 -247.24324000000001 294.642203
1701973853.0325181 -3.26000 -0.00002 3116 -25.000 -247.24324000000001 294.642203
1701973853.0325181 -3.26000 -0.00002 3085 -25.000 -247.24324000000001 294.642203
1701973853.0325181 -3.26000 -0.00002 3100 -25.000 -247.24324000000001 294.642203
1701973853.0325181 -3.26000 -0.00002 3094 -25.000 -247.24324000000001 294.642203
1701973853.0325181 -3.26000 -0.00002 3102 -25.000 -247.24324000000001 294.642203
1701973864.3007994 -3.28000 -0.00002 3195 -15.000 -252.367467 299.766429
1701973864.3007994 -3.28000 -0.00002 3161 -15.000 -252.367467 299.766429
1701973864.3007994 -3.28000 -0.00002 3224 -15.000 -252.367467 299.766429
1701973864.3007994 -3.28000 -0.00002 3194 -15.000 -252.367467 299.766429
1701973864.3007994 -3.28000 -0.00002 3231 -15.000 -252.367467 299.766429
1701973874.9761488 -3.28000 -0.00002 3191 -25.000 -252.367467 299.766429
1701973874.9761488 -3.28000 -0.00002 3211 -25.000 -252.367467 299.766429
1701973874.9761488 -3.28000 -0.00002 3192 -25.000 -252.367467 299.766429
1701973874.9761488 -3.28000 -0.00002 3202 -25.000 -252.367467 299.766429
1701973874.9761488 -3.28000 -0.00002 3245 -25.000 -252.367467 299.766429
1701973886.341534 -3.30000 -0.00002 3317 -15.000 -252.367467 299.766429
1701973886.341534 -3.30000 -0.00002 3300 -15.000 -252.367467 299.766429
1701973886.341534 -3.30000 -0.00002 3315 -15.000 -252.367467 299.766429
1701973886.341534 -3.30000 -0.00002 3339 -15.000 -252.367467 299.766429
1701973886.341534 -3.30000 -0.00002 3348 -15.000 -252.367467 299.766429
1701973897.0166655 -3.30000 -0.00002 3329 -25.000 -252.367467 299.766429
1701973897.0166655 -3.30000 -0.00002 3324 -25.000 -252.367467 299.766429
1701973897.0166655 -3.30000 -0.00002 3319 -25.000 -252.367467 299.766429
1701973897.0166655 -3.30000 -0.00002 3295 -25.000 -252.367467 299.766429
1701973897.0166655 -3.30000 -0.00002 3298 -25.000 -252.367467 299.766429
