# This is data for a Photon Count Rate vs Bias curve
# Wafer : Device	Pa231025 : R1C3
# Bias Resistor : 1040000
# PCR measure comments: MIR microwire R1C3 pix 2
# MIR microwire R1C3 pix2
# Counter setup: keysight53220A
# 	Trigger Threshhold: -60 mV
# 	Noise Rejection: False
# 	Gate integration: 0.15 s
# Pulsed ON
# 
# Cols: unixtime-[s]	 Bias-[V]	 Sense_Voltage-[V]	 Counts-[#Photons]	 Threshold-[mV]	 Min Peak Voltage-[mV]	 Peak to Peak Voltage-[mV]
1701969035.7227287 0.00000 -0.00000 0 -15.000 -11.5294773 23.0589546
1701969035.7227287 0.00000 -0.00000 0 -15.000 -11.5294773 23.0589546
1701969035.7227287 0.00000 -0.00000 0 -15.000 -11.5294773 23.0589546
1701969035.7227287 0.00000 -0.00000 0 -15.000 -11.5294773 23.0589546
1701969035.7227287 0.00000 -0.00000 0 -15.000 -11.5294773 23.0589546
1701969045.979975 0.00000 -0.00000 0 -25.000 -11.5294773 23.0589546
1701969045.979975 0.00000 -0.00000 0 -25.000 -11.5294773 23.0589546
1701969045.979975 0.00000 -0.00000 0 -25.000 -11.5294773 23.0589546
1701969045.979975 0.00000 -0.00000 0 -25.000 -11.5294773 23.0589546
1701969045.979975 0.00000 -0.00000 0 -25.000 -11.5294773 23.0589546
1701969057.4593966 -1.50000 0.00000 1 -15.000 -11.5294773 28.1831678
1701969057.4593966 -1.50000 0.00000 1 -15.000 -11.5294773 28.1831678
1701969057.4593966 -1.50000 0.00000 0 -15.000 -11.5294773 28.1831678
1701969057.4593966 -1.50000 0.00000 0 -15.000 -11.5294773 28.1831678
1701969057.4593966 -1.50000 0.00000 1 -15.000 -11.5294773 28.1831678
1701969068.033269 -1.50000 0.00000 0 -25.000 -11.5294773 28.1831678
1701969068.033269 -1.50000 0.00000 0 -25.000 -11.5294773 28.1831678
1701969068.033269 -1.50000 0.00000 0 -25.000 -11.5294773 28.1831678
1701969068.033269 -1.50000 0.00000 2 -25.000 -11.5294773 28.1831678
1701969068.033269 -1.50000 0.00000 0 -25.000 -11.5294773 28.1831678
1701969079.398844 -1.52000 -0.00001 0 -15.000 -16.6536905 28.1831678
1701969079.398844 -1.52000 -0.00001 1 -15.000 -16.6536905 28.1831678
1701969079.398844 -1.52000 -0.00001 1 -15.000 -16.6536905 28.1831678
1701969079.398844 -1.52000 -0.00001 1 -15.000 -16.6536905 28.1831678
1701969079.398844 -1.52000 -0.00001 0 -15.000 -16.6536905 28.1831678
1701969090.0722976 -1.52000 -0.00001 0 -25.000 -16.6536905 28.1831678
1701969090.0722976 -1.52000 -0.00001 1 -25.000 -16.6536905 28.1831678
1701969090.0722976 -1.52000 -0.00001 0 -25.000 -16.6536905 28.1831678
1701969090.0722976 -1.52000 -0.00001 1 -25.000 -16.6536905 28.1831678
1701969090.0722976 -1.52000 -0.00001 1 -25.000 -16.6536905 28.1831678
1701969101.438071 -1.54000 -0.00000 1 -15.000 -21.7779018 23.0589556
1701969101.438071 -1.54000 -0.00000 0 -15.000 -21.7779018 23.0589556
1701969101.438071 -1.54000 -0.00000 0 -15.000 -21.7779018 23.0589556
1701969101.438071 -1.54000 -0.00000 1 -15.000 -21.7779018 23.0589556
1701969101.438071 -1.54000 -0.00000 0 -15.000 -21.7779018 23.0589556
1701969111.9991732 -1.54000 -0.00000 0 -25.000 -21.7779018 23.0589556
1701969111.9991732 -1.54000 -0.00000 1 -25.000 -21.7779018 23.0589556
1701969111.9991732 -1.54000 -0.00000 1 -25.000 -21.7779018 23.0589556
1701969111.9991732 -1.54000 -0.00000 1 -25.000 -21.7779018 23.0589556
1701969111.9991732 -1.54000 -0.00000 3 -25.000 -21.7779018 23.0589556
1701969123.4781647 -1.56000 -0.00000 0 -15.000 -16.6536905 23.0589546
1701969123.4781647 -1.56000 -0.00000 0 -15.000 -16.6536905 23.0589546
1701969123.4781647 -1.56000 -0.00000 0 -15.000 -16.6536905 23.0589546
1701969123.4781647 -1.56000 -0.00000 1 -15.000 -16.6536905 23.0589546
1701969123.4781647 -1.56000 -0.00000 0 -15.000 -16.6536905 23.0589546
1701969134.0401065 -1.56000 -0.00000 0 -25.000 -16.6536905 23.0589546
1701969134.0401065 -1.56000 -0.00000 0 -25.000 -16.6536905 23.0589546
1701969134.0401065 -1.56000 -0.00000 0 -25.000 -16.6536905 23.0589546
1701969134.0401065 -1.56000 -0.00000 0 -25.000 -16.6536905 23.0589546
1701969134.0401065 -1.56000 -0.00000 0 -25.000 -16.6536905 23.0589546
1701969145.417374 -1.58000 -0.00001 0 -15.000 -11.5294773 23.0589546
1701969145.417374 -1.58000 -0.00001 1 -15.000 -11.5294773 23.0589546
1701969145.417374 -1.58000 -0.00001 0 -15.000 -11.5294773 23.0589546
1701969145.417374 -1.58000 -0.00001 0 -15.000 -11.5294773 23.0589546
1701969145.417374 -1.58000 -0.00001 2 -15.000 -11.5294773 23.0589546
1701969155.9800227 -1.58000 -0.00001 0 -25.000 -11.5294773 23.0589546
1701969155.9800227 -1.58000 -0.00001 1 -25.000 -11.5294773 23.0589546
1701969155.9800227 -1.58000 -0.00001 0 -25.000 -11.5294773 23.0589546
1701969155.9800227 -1.58000 -0.00001 0 -25.000 -11.5294773 23.0589546
1701969155.9800227 -1.58000 -0.00001 0 -25.000 -11.5294773 23.0589546
1701969167.4585986 -1.60000 -0.00001 0 -15.000 -11.5294773 53.804228099999996
1701969167.4585986 -1.60000 -0.00001 0 -15.000 -11.5294773 53.804228099999996
1701969167.4585986 -1.60000 -0.00001 1 -15.000 -11.5294773 53.804228099999996
1701969167.4585986 -1.60000 -0.00001 1 -15.000 -11.5294773 53.804228099999996
1701969167.4585986 -1.60000 -0.00001 0 -15.000 -11.5294773 53.804228099999996
1701969178.0335224 -1.60000 -0.00001 0 -25.000 -11.5294773 53.804228099999996
1701969178.0335224 -1.60000 -0.00001 0 -25.000 -11.5294773 53.804228099999996
1701969178.0335224 -1.60000 -0.00001 0 -25.000 -11.5294773 53.804228099999996
1701969178.0335224 -1.60000 -0.00001 0 -25.000 -11.5294773 53.804228099999996
1701969178.0335224 -1.60000 -0.00001 0 -25.000 -11.5294773 53.804228099999996
1701969189.3976269 -1.62000 -0.00001 0 -15.000 -16.6536905 28.1831678
1701969189.3976269 -1.62000 -0.00001 0 -15.000 -16.6536905 28.1831678
1701969189.3976269 -1.62000 -0.00001 1 -15.000 -16.6536905 28.1831678
1701969189.3976269 -1.62000 -0.00001 1 -15.000 -16.6536905 28.1831678
1701969189.3976269 -1.62000 -0.00001 0 -15.000 -16.6536905 28.1831678
1701969200.0856154 -1.62000 -0.00001 0 -25.000 -16.6536905 28.1831678
1701969200.0856154 -1.62000 -0.00001 1 -25.000 -16.6536905 28.1831678
1701969200.0856154 -1.62000 -0.00001 0 -25.000 -16.6536905 28.1831678
1701969200.0856154 -1.62000 -0.00001 0 -25.000 -16.6536905 28.1831678
1701969200.0856154 -1.62000 -0.00001 2 -25.000 -16.6536905 28.1831678
1701969211.437335 -1.64000 -0.00001 0 -15.000 -16.6536905 28.1831678
1701969211.437335 -1.64000 -0.00001 0 -15.000 -16.6536905 28.1831678
1701969211.437335 -1.64000 -0.00001 1 -15.000 -16.6536905 28.1831678
1701969211.437335 -1.64000 -0.00001 1 -15.000 -16.6536905 28.1831678
1701969211.437335 -1.64000 -0.00001 0 -15.000 -16.6536905 28.1831678
1701969222.0112321 -1.64000 -0.00001 0 -25.000 -16.6536905 28.1831678
1701969222.0112321 -1.64000 -0.00001 0 -25.000 -16.6536905 28.1831678
1701969222.0112321 -1.64000 -0.00001 0 -25.000 -16.6536905 28.1831678
1701969222.0112321 -1.64000 -0.00001 0 -25.000 -16.6536905 28.1831678
1701969222.0112321 -1.64000 -0.00001 0 -25.000 -16.6536905 28.1831678
1701969233.4781616 -1.66000 -0.00001 1 -15.000 -16.6536905 33.3073791
1701969233.4781616 -1.66000 -0.00001 1 -15.000 -16.6536905 33.3073791
1701969233.4781616 -1.66000 -0.00001 0 -15.000 -16.6536905 33.3073791
1701969233.4781616 -1.66000 -0.00001 3 -15.000 -16.6536905 33.3073791
1701969233.4781616 -1.66000 -0.00001 0 -15.000 -16.6536905 33.3073791
1701969244.0518832 -1.66000 -0.00001 0 -25.000 -16.6536905 33.3073791
1701969244.0518832 -1.66000 -0.00001 0 -25.000 -16.6536905 33.3073791
1701969244.0518832 -1.66000 -0.00001 0 -25.000 -16.6536905 33.3073791
1701969244.0518832 -1.66000 -0.00001 0 -25.000 -16.6536905 33.3073791
1701969244.0518832 -1.66000 -0.00001 0 -25.000 -16.6536905 33.3073791
1701969255.417437 -1.68000 -0.00001 2 -15.000 -16.6536905 17.934742399999998
1701969255.417437 -1.68000 -0.00001 0 -15.000 -16.6536905 17.934742399999998
1701969255.417437 -1.68000 -0.00001 1 -15.000 -16.6536905 17.934742399999998
1701969255.417437 -1.68000 -0.00001 1 -15.000 -16.6536905 17.934742399999998
1701969255.417437 -1.68000 -0.00001 0 -15.000 -16.6536905 17.934742399999998
1701969265.979153 -1.68000 -0.00001 2 -25.000 -16.6536905 17.934742399999998
1701969265.979153 -1.68000 -0.00001 1 -25.000 -16.6536905 17.934742399999998
1701969265.979153 -1.68000 -0.00001 1 -25.000 -16.6536905 17.934742399999998
1701969265.979153 -1.68000 -0.00001 2 -25.000 -16.6536905 17.934742399999998
1701969265.979153 -1.68000 -0.00001 1 -25.000 -16.6536905 17.934742399999998
1701969277.3568606 -1.70000 -0.00001 0 -15.000 -52.5231771 28.1831678
1701969277.3568606 -1.70000 -0.00001 3 -15.000 -52.5231771 28.1831678
1701969277.3568606 -1.70000 -0.00001 0 -15.000 -52.5231771 28.1831678
1701969277.3568606 -1.70000 -0.00001 0 -15.000 -52.5231771 28.1831678
1701969277.3568606 -1.70000 -0.00001 0 -15.000 -52.5231771 28.1831678
1701969288.0187953 -1.70000 -0.00001 0 -25.000 -52.5231771 28.1831678
1701969288.0187953 -1.70000 -0.00001 0 -25.000 -52.5231771 28.1831678
1701969288.0187953 -1.70000 -0.00001 2 -25.000 -52.5231771 28.1831678
1701969288.0187953 -1.70000 -0.00001 0 -25.000 -52.5231771 28.1831678
1701969288.0187953 -1.70000 -0.00001 2 -25.000 -52.5231771 28.1831678
1701969299.3976283 -1.72000 -0.00001 0 -15.000 -16.6536905 23.0589546
1701969299.3976283 -1.72000 -0.00001 0 -15.000 -16.6536905 23.0589546
1701969299.3976283 -1.72000 -0.00001 2 -15.000 -16.6536905 23.0589546
1701969299.3976283 -1.72000 -0.00001 1 -15.000 -16.6536905 23.0589546
1701969299.3976283 -1.72000 -0.00001 0 -15.000 -16.6536905 23.0589546
1701969310.0592148 -1.72000 -0.00001 2 -25.000 -16.6536905 23.0589546
1701969310.0592148 -1.72000 -0.00001 0 -25.000 -16.6536905 23.0589546
1701969310.0592148 -1.72000 -0.00001 0 -25.000 -16.6536905 23.0589546
1701969310.0592148 -1.72000 -0.00001 1 -25.000 -16.6536905 23.0589546
1701969310.0592148 -1.72000 -0.00001 1 -25.000 -16.6536905 23.0589546
1701969321.4377658 -1.74000 -0.00001 0 -15.000 -16.6536905 28.1831678
1701969321.4377658 -1.74000 -0.00001 2 -15.000 -16.6536905 28.1831678
1701969321.4377658 -1.74000 -0.00001 2 -15.000 -16.6536905 28.1831678
1701969321.4377658 -1.74000 -0.00001 1 -15.000 -16.6536905 28.1831678
1701969321.4377658 -1.74000 -0.00001 2 -15.000 -16.6536905 28.1831678
1701969331.999116 -1.74000 -0.00001 0 -25.000 -16.6536905 28.1831678
1701969331.999116 -1.74000 -0.00001 0 -25.000 -16.6536905 28.1831678
1701969331.999116 -1.74000 -0.00001 0 -25.000 -16.6536905 28.1831678
1701969331.999116 -1.74000 -0.00001 0 -25.000 -16.6536905 28.1831678
1701969331.999116 -1.74000 -0.00001 2 -25.000 -16.6536905 28.1831678
1701969343.4789495 -1.76000 -0.00001 1 -15.000 -93.5168713 53.804228099999996
1701969343.4789495 -1.76000 -0.00001 1 -15.000 -93.5168713 53.804228099999996
1701969343.4789495 -1.76000 -0.00001 0 -15.000 -93.5168713 53.804228099999996
1701969343.4789495 -1.76000 -0.00001 1 -15.000 -93.5168713 53.804228099999996
1701969343.4789495 -1.76000 -0.00001 0 -15.000 -93.5168713 53.804228099999996
1701969354.052073 -1.76000 -0.00001 1 -25.000 -93.5168713 53.804228099999996
1701969354.052073 -1.76000 -0.00001 0 -25.000 -93.5168713 53.804228099999996
1701969354.052073 -1.76000 -0.00001 1 -25.000 -93.5168713 53.804228099999996
1701969354.052073 -1.76000 -0.00001 0 -25.000 -93.5168713 53.804228099999996
1701969354.052073 -1.76000 -0.00001 1 -25.000 -93.5168713 53.804228099999996
1701969365.4173336 -1.78000 -0.00001 0 -15.000 -83.2684487 23.0589546
1701969365.4173336 -1.78000 -0.00001 0 -15.000 -83.2684487 23.0589546
1701969365.4173336 -1.78000 -0.00001 0 -15.000 -83.2684487 23.0589546
1701969365.4173336 -1.78000 -0.00001 0 -15.000 -83.2684487 23.0589546
1701969365.4173336 -1.78000 -0.00001 1 -15.000 -83.2684487 23.0589546
1701969375.977757 -1.78000 -0.00001 1 -25.000 -83.2684487 23.0589546
1701969375.977757 -1.78000 -0.00001 0 -25.000 -83.2684487 23.0589546
1701969375.977757 -1.78000 -0.00001 1 -25.000 -83.2684487 23.0589546
1701969375.977757 -1.78000 -0.00001 0 -25.000 -83.2684487 23.0589546
1701969375.977757 -1.78000 -0.00001 0 -25.000 -83.2684487 23.0589546
1701969387.458049 -1.80000 -0.00001 0 -15.000 -11.5294773 23.0589556
1701969387.458049 -1.80000 -0.00001 0 -15.000 -11.5294773 23.0589556
1701969387.458049 -1.80000 -0.00001 0 -15.000 -11.5294773 23.0589556
1701969387.458049 -1.80000 -0.00001 0 -15.000 -11.5294773 23.0589556
1701969387.458049 -1.80000 -0.00001 0 -15.000 -11.5294773 23.0589556
1701969398.031854 -1.80000 -0.00001 0 -25.000 -11.5294773 23.0589556
1701969398.031854 -1.80000 -0.00001 2 -25.000 -11.5294773 23.0589556
1701969398.031854 -1.80000 -0.00001 0 -25.000 -11.5294773 23.0589556
1701969398.031854 -1.80000 -0.00001 1 -25.000 -11.5294773 23.0589556
1701969398.031854 -1.80000 -0.00001 0 -25.000 -11.5294773 23.0589556
1701969409.3968968 -1.82000 -0.00001 0 -15.000 -16.6536905 28.1831678
1701969409.3968968 -1.82000 -0.00001 0 -15.000 -16.6536905 28.1831678
1701969409.3968968 -1.82000 -0.00001 0 -15.000 -16.6536905 28.1831678
1701969409.3968968 -1.82000 -0.00001 0 -15.000 -16.6536905 28.1831678
1701969409.3968968 -1.82000 -0.00001 1 -15.000 -16.6536905 28.1831678
1701969420.0718312 -1.82000 -0.00001 0 -25.000 -16.6536905 28.1831678
1701969420.0718312 -1.82000 -0.00001 2 -25.000 -16.6536905 28.1831678
1701969420.0718312 -1.82000 -0.00001 0 -25.000 -16.6536905 28.1831678
1701969420.0718312 -1.82000 -0.00001 0 -25.000 -16.6536905 28.1831678
1701969420.0718312 -1.82000 -0.00001 1 -25.000 -16.6536905 28.1831678
1701969431.3367627 -1.84000 -0.00001 0 -15.000 -16.6536905 23.0589546
1701969431.3367627 -1.84000 -0.00001 1 -15.000 -16.6536905 23.0589546
1701969431.3367627 -1.84000 -0.00001 0 -15.000 -16.6536905 23.0589546
1701969431.3367627 -1.84000 -0.00001 1 -15.000 -16.6536905 23.0589546
1701969431.3367627 -1.84000 -0.00001 2 -15.000 -16.6536905 23.0589546
1701969441.998835 -1.84000 -0.00001 1 -25.000 -16.6536905 23.0589546
1701969441.998835 -1.84000 -0.00001 1 -25.000 -16.6536905 23.0589546
1701969441.998835 -1.84000 -0.00001 0 -25.000 -16.6536905 23.0589546
1701969441.998835 -1.84000 -0.00001 1 -25.000 -16.6536905 23.0589546
1701969441.998835 -1.84000 -0.00001 0 -25.000 -16.6536905 23.0589546
1701969453.3772068 -1.86000 -0.00001 1 -15.000 -16.6536905 17.934742399999998
1701969453.3772068 -1.86000 -0.00001 0 -15.000 -16.6536905 17.934742399999998
1701969453.3772068 -1.86000 -0.00001 0 -15.000 -16.6536905 17.934742399999998
1701969453.3772068 -1.86000 -0.00001 0 -15.000 -16.6536905 17.934742399999998
1701969453.3772068 -1.86000 -0.00001 0 -15.000 -16.6536905 17.934742399999998
1701969464.0590634 -1.86000 -0.00001 1 -25.000 -16.6536905 17.934742399999998
1701969464.0590634 -1.86000 -0.00001 0 -25.000 -16.6536905 17.934742399999998
1701969464.0590634 -1.86000 -0.00001 0 -25.000 -16.6536905 17.934742399999998
1701969464.0590634 -1.86000 -0.00001 1 -25.000 -16.6536905 17.934742399999998
1701969464.0590634 -1.86000 -0.00001 1 -25.000 -16.6536905 17.934742399999998
1701969475.3171375 -1.88000 -0.00001 1 -15.000 -16.6536905 28.1831678
1701969475.3171375 -1.88000 -0.00001 0 -15.000 -16.6536905 28.1831678
1701969475.3171375 -1.88000 -0.00001 3 -15.000 -16.6536905 28.1831678
1701969475.3171375 -1.88000 -0.00001 0 -15.000 -16.6536905 28.1831678
1701969475.3171375 -1.88000 -0.00001 1 -15.000 -16.6536905 28.1831678
1701969485.9788988 -1.88000 -0.00001 1 -25.000 -16.6536905 28.1831678
1701969485.9788988 -1.88000 -0.00001 0 -25.000 -16.6536905 28.1831678
1701969485.9788988 -1.88000 -0.00001 3 -25.000 -16.6536905 28.1831678
1701969485.9788988 -1.88000 -0.00001 0 -25.000 -16.6536905 28.1831678
1701969485.9788988 -1.88000 -0.00001 2 -25.000 -16.6536905 28.1831678
1701969497.3568485 -1.90000 -0.00001 0 -15.000 -16.6536905 28.1831678
1701969497.3568485 -1.90000 -0.00001 0 -15.000 -16.6536905 28.1831678
1701969497.3568485 -1.90000 -0.00001 2 -15.000 -16.6536905 28.1831678
1701969497.3568485 -1.90000 -0.00001 1 -15.000 -16.6536905 28.1831678
1701969497.3568485 -1.90000 -0.00001 1 -15.000 -16.6536905 28.1831678
1701969508.0315738 -1.90000 -0.00001 0 -25.000 -16.6536905 28.1831678
1701969508.0315738 -1.90000 -0.00001 2 -25.000 -16.6536905 28.1831678
1701969508.0315738 -1.90000 -0.00001 1 -25.000 -16.6536905 28.1831678
1701969508.0315738 -1.90000 -0.00001 0 -25.000 -16.6536905 28.1831678
1701969508.0315738 -1.90000 -0.00001 0 -25.000 -16.6536905 28.1831678
1701969519.396981 -1.92000 -0.00001 1 -15.000 -16.6536905 23.0589556
1701969519.396981 -1.92000 -0.00001 0 -15.000 -16.6536905 23.0589556
1701969519.396981 -1.92000 -0.00001 2 -15.000 -16.6536905 23.0589556
1701969519.396981 -1.92000 -0.00001 1 -15.000 -16.6536905 23.0589556
1701969519.396981 -1.92000 -0.00001 1 -15.000 -16.6536905 23.0589556
1701969530.0593061 -1.92000 -0.00001 2 -25.000 -16.6536905 23.0589556
1701969530.0593061 -1.92000 -0.00001 1 -25.000 -16.6536905 23.0589556
1701969530.0593061 -1.92000 -0.00001 1 -25.000 -16.6536905 23.0589556
1701969530.0593061 -1.92000 -0.00001 0 -25.000 -16.6536905 23.0589556
1701969530.0593061 -1.92000 -0.00001 0 -25.000 -16.6536905 23.0589556
1701969541.4366364 -1.94000 -0.00001 0 -15.000 -16.6536905 33.3073791
1701969541.4366364 -1.94000 -0.00001 0 -15.000 -16.6536905 33.3073791
1701969541.4366364 -1.94000 -0.00001 0 -15.000 -16.6536905 33.3073791
1701969541.4366364 -1.94000 -0.00001 0 -15.000 -16.6536905 33.3073791
1701969541.4366364 -1.94000 -0.00001 1 -15.000 -16.6536905 33.3073791
1701969551.9977596 -1.94000 -0.00001 0 -25.000 -16.6536905 33.3073791
1701969551.9977596 -1.94000 -0.00001 1 -25.000 -16.6536905 33.3073791
1701969551.9977596 -1.94000 -0.00001 2 -25.000 -16.6536905 33.3073791
1701969551.9977596 -1.94000 -0.00001 0 -25.000 -16.6536905 33.3073791
1701969551.9977596 -1.94000 -0.00001 0 -25.000 -16.6536905 33.3073791
1701969563.3764367 -1.96000 -0.00001 2 -15.000 -16.6536905 28.1831678
1701969563.3764367 -1.96000 -0.00001 1 -15.000 -16.6536905 28.1831678
1701969563.3764367 -1.96000 -0.00001 1 -15.000 -16.6536905 28.1831678
1701969563.3764367 -1.96000 -0.00001 0 -15.000 -16.6536905 28.1831678
1701969563.3764367 -1.96000 -0.00001 0 -15.000 -16.6536905 28.1831678
1701969574.0592325 -1.96000 -0.00001 0 -25.000 -16.6536905 28.1831678
1701969574.0592325 -1.96000 -0.00001 0 -25.000 -16.6536905 28.1831678
1701969574.0592325 -1.96000 -0.00001 0 -25.000 -16.6536905 28.1831678
1701969574.0592325 -1.96000 -0.00001 0 -25.000 -16.6536905 28.1831678
1701969574.0592325 -1.96000 -0.00001 0 -25.000 -16.6536905 28.1831678
1701969585.4169626 -1.98000 -0.00001 0 -15.000 -21.7779018 28.1831678
1701969585.4169626 -1.98000 -0.00001 0 -15.000 -21.7779018 28.1831678
1701969585.4169626 -1.98000 -0.00001 0 -15.000 -21.7779018 28.1831678
1701969585.4169626 -1.98000 -0.00001 0 -15.000 -21.7779018 28.1831678
1701969585.4169626 -1.98000 -0.00001 0 -15.000 -21.7779018 28.1831678
1701969595.9786193 -1.98000 -0.00001 1 -25.000 -21.7779018 28.1831678
1701969595.9786193 -1.98000 -0.00001 1 -25.000 -21.7779018 28.1831678
1701969595.9786193 -1.98000 -0.00001 1 -25.000 -21.7779018 28.1831678
1701969595.9786193 -1.98000 -0.00001 1 -25.000 -21.7779018 28.1831678
1701969595.9786193 -1.98000 -0.00001 1 -25.000 -21.7779018 28.1831678
1701969607.3558493 -2.00000 -0.00001 0 -15.000 -93.5168713 28.1831678
1701969607.3558493 -2.00000 -0.00001 1 -15.000 -93.5168713 28.1831678
1701969607.3558493 -2.00000 -0.00001 1 -15.000 -93.5168713 28.1831678
1701969607.3558493 -2.00000 -0.00001 1 -15.000 -93.5168713 28.1831678
1701969607.3558493 -2.00000 -0.00001 0 -15.000 -93.5168713 28.1831678
1701969618.0296338 -2.00000 -0.00001 0 -25.000 -93.5168713 28.1831678
1701969618.0296338 -2.00000 -0.00001 0 -25.000 -93.5168713 28.1831678
1701969618.0296338 -2.00000 -0.00001 3 -25.000 -93.5168713 28.1831678
1701969618.0296338 -2.00000 -0.00001 1 -25.000 -93.5168713 28.1831678
1701969618.0296338 -2.00000 -0.00001 0 -25.000 -93.5168713 28.1831678
1701969629.396818 -2.02000 -0.00001 2 -15.000 -16.6536905 28.1831678
1701969629.396818 -2.02000 -0.00001 1 -15.000 -16.6536905 28.1831678
1701969629.396818 -2.02000 -0.00001 2 -15.000 -16.6536905 28.1831678
1701969629.396818 -2.02000 -0.00001 1 -15.000 -16.6536905 28.1831678
1701969629.396818 -2.02000 -0.00001 3 -15.000 -16.6536905 28.1831678
1701969640.075672 -2.02000 -0.00001 3 -25.000 -16.6536905 28.1831678
1701969640.075672 -2.02000 -0.00001 2 -25.000 -16.6536905 28.1831678
1701969640.075672 -2.02000 -0.00001 2 -25.000 -16.6536905 28.1831678
1701969640.075672 -2.02000 -0.00001 3 -25.000 -16.6536905 28.1831678
1701969640.075672 -2.02000 -0.00001 0 -25.000 -16.6536905 28.1831678
1701969651.4367647 -2.04000 -0.00001 2 -15.000 -88.39265999999999 17.934742399999998
1701969651.4367647 -2.04000 -0.00001 0 -15.000 -88.39265999999999 17.934742399999998
1701969651.4367647 -2.04000 -0.00001 1 -15.000 -88.39265999999999 17.934742399999998
1701969651.4367647 -2.04000 -0.00001 0 -15.000 -88.39265999999999 17.934742399999998
1701969651.4367647 -2.04000 -0.00001 0 -15.000 -88.39265999999999 17.934742399999998
1701969661.9967775 -2.04000 -0.00001 1 -25.000 -88.39265999999999 17.934742399999998
1701969661.9967775 -2.04000 -0.00001 1 -25.000 -88.39265999999999 17.934742399999998
1701969661.9967775 -2.04000 -0.00001 1 -25.000 -88.39265999999999 17.934742399999998
1701969661.9967775 -2.04000 -0.00001 0 -25.000 -88.39265999999999 17.934742399999998
1701969661.9967775 -2.04000 -0.00001 1 -25.000 -88.39265999999999 17.934742399999998
1701969673.3747773 -2.06000 -0.00001 2 -15.000 -16.6536905 94.797926
1701969673.3747773 -2.06000 -0.00001 1 -15.000 -16.6536905 94.797926
1701969673.3747773 -2.06000 -0.00001 0 -15.000 -16.6536905 94.797926
1701969673.3747773 -2.06000 -0.00001 2 -15.000 -16.6536905 94.797926
1701969673.3747773 -2.06000 -0.00001 1 -15.000 -16.6536905 94.797926
1701969684.0495942 -2.06000 -0.00001 1 -25.000 -16.6536905 94.797926
1701969684.0495942 -2.06000 -0.00001 1 -25.000 -16.6536905 94.797926
1701969684.0495942 -2.06000 -0.00001 2 -25.000 -16.6536905 94.797926
1701969684.0495942 -2.06000 -0.00001 0 -25.000 -16.6536905 94.797926
1701969684.0495942 -2.06000 -0.00001 1 -25.000 -16.6536905 94.797926
1701969695.4144611 -2.08000 -0.00001 1 -15.000 -16.6536905 23.0589546
1701969695.4144611 -2.08000 -0.00001 0 -15.000 -16.6536905 23.0589546
1701969695.4144611 -2.08000 -0.00001 3 -15.000 -16.6536905 23.0589546
1701969695.4144611 -2.08000 -0.00001 0 -15.000 -16.6536905 23.0589546
1701969695.4144611 -2.08000 -0.00001 1 -15.000 -16.6536905 23.0589546
1701969705.975611 -2.08000 -0.00001 2 -25.000 -16.6536905 23.0589546
1701969705.975611 -2.08000 -0.00001 1 -25.000 -16.6536905 23.0589546
1701969705.975611 -2.08000 -0.00001 1 -25.000 -16.6536905 23.0589546
1701969705.975611 -2.08000 -0.00001 0 -25.000 -16.6536905 23.0589546
1701969705.975611 -2.08000 -0.00001 0 -25.000 -16.6536905 23.0589546
1701969717.3545103 -2.10000 -0.00001 1 -15.000 -11.5294773 23.0589546
1701969717.3545103 -2.10000 -0.00001 1 -15.000 -11.5294773 23.0589546
1701969717.3545103 -2.10000 -0.00001 1 -15.000 -11.5294773 23.0589546
1701969717.3545103 -2.10000 -0.00001 3 -15.000 -11.5294773 23.0589546
1701969717.3545103 -2.10000 -0.00001 0 -15.000 -11.5294773 23.0589546
1701969728.0165641 -2.10000 -0.00001 2 -25.000 -11.5294773 23.0589546
1701969728.0165641 -2.10000 -0.00001 2 -25.000 -11.5294773 23.0589546
1701969728.0165641 -2.10000 -0.00001 2 -25.000 -11.5294773 23.0589546
1701969728.0165641 -2.10000 -0.00001 2 -25.000 -11.5294773 23.0589546
1701969728.0165641 -2.10000 -0.00001 1 -25.000 -11.5294773 23.0589546
1701969739.3992128 -2.12000 -0.00001 1 -15.000 -16.6536905 23.0589546
1701969739.3992128 -2.12000 -0.00001 4 -15.000 -16.6536905 23.0589546
1701969739.3992128 -2.12000 -0.00001 3 -15.000 -16.6536905 23.0589546
1701969739.3992128 -2.12000 -0.00001 4 -15.000 -16.6536905 23.0589546
1701969739.3992128 -2.12000 -0.00001 2 -15.000 -16.6536905 23.0589546
1701969750.0701978 -2.12000 -0.00001 1 -25.000 -16.6536905 23.0589546
1701969750.0701978 -2.12000 -0.00001 1 -25.000 -16.6536905 23.0589546
1701969750.0701978 -2.12000 -0.00001 2 -25.000 -16.6536905 23.0589546
1701969750.0701978 -2.12000 -0.00001 4 -25.000 -16.6536905 23.0589546
1701969750.0701978 -2.12000 -0.00001 1 -25.000 -16.6536905 23.0589546
1701969761.3417482 -2.14000 -0.00001 1 -15.000 -11.5294773 151.164267
1701969761.3417482 -2.14000 -0.00001 4 -15.000 -11.5294773 151.164267
1701969761.3417482 -2.14000 -0.00001 0 -15.000 -11.5294773 151.164267
1701969761.3417482 -2.14000 -0.00001 1 -15.000 -11.5294773 151.164267
1701969761.3417482 -2.14000 -0.00001 4 -15.000 -11.5294773 151.164267
1701969772.007435 -2.14000 -0.00001 3 -25.000 -11.5294773 151.164267
1701969772.007435 -2.14000 -0.00001 0 -25.000 -11.5294773 151.164267
1701969772.007435 -2.14000 -0.00001 1 -25.000 -11.5294773 151.164267
1701969772.007435 -2.14000 -0.00001 0 -25.000 -11.5294773 151.164267
1701969772.007435 -2.14000 -0.00001 1 -25.000 -11.5294773 151.164267
1701969783.3749309 -2.16000 -0.00001 1 -15.000 -62.7716035 94.797926
1701969783.3749309 -2.16000 -0.00001 3 -15.000 -62.7716035 94.797926
1701969783.3749309 -2.16000 -0.00001 2 -15.000 -62.7716035 94.797926
1701969783.3749309 -2.16000 -0.00001 0 -15.000 -62.7716035 94.797926
1701969783.3749309 -2.16000 -0.00001 2 -15.000 -62.7716035 94.797926
1701969794.0498075 -2.16000 -0.00001 2 -25.000 -62.7716035 94.797926
1701969794.0498075 -2.16000 -0.00001 6 -25.000 -62.7716035 94.797926
1701969794.0498075 -2.16000 -0.00001 3 -25.000 -62.7716035 94.797926
1701969794.0498075 -2.16000 -0.00001 2 -25.000 -62.7716035 94.797926
1701969794.0498075 -2.16000 -0.00001 3 -25.000 -62.7716035 94.797926
1701969805.4150984 -2.18000 -0.00001 4 -15.000 -21.7779018 28.1831678
1701969805.4150984 -2.18000 -0.00001 5 -15.000 -21.7779018 28.1831678
1701969805.4150984 -2.18000 -0.00001 3 -15.000 -21.7779018 28.1831678
1701969805.4150984 -2.18000 -0.00001 2 -15.000 -21.7779018 28.1831678
1701969805.4150984 -2.18000 -0.00001 4 -15.000 -21.7779018 28.1831678
1701969815.9757645 -2.18000 -0.00001 5 -25.000 -21.7779018 28.1831678
1701969815.9757645 -2.18000 -0.00001 3 -25.000 -21.7779018 28.1831678
1701969815.9757645 -2.18000 -0.00001 3 -25.000 -21.7779018 28.1831678
1701969815.9757645 -2.18000 -0.00001 2 -25.000 -21.7779018 28.1831678
1701969815.9757645 -2.18000 -0.00001 1 -25.000 -21.7779018 28.1831678
1701969827.354686 -2.20000 -0.00001 2 -15.000 -16.6536905 89.67371659999999
1701969827.354686 -2.20000 -0.00001 4 -15.000 -16.6536905 89.67371659999999
1701969827.354686 -2.20000 -0.00001 7 -15.000 -16.6536905 89.67371659999999
1701969827.354686 -2.20000 -0.00001 6 -15.000 -16.6536905 89.67371659999999
1701969827.354686 -2.20000 -0.00001 5 -15.000 -16.6536905 89.67371659999999
1701969838.0286016 -2.20000 -0.00001 3 -25.000 -16.6536905 89.67371659999999
1701969838.0286016 -2.20000 -0.00001 6 -25.000 -16.6536905 89.67371659999999
1701969838.0286016 -2.20000 -0.00001 5 -25.000 -16.6536905 89.67371659999999
1701969838.0286016 -2.20000 -0.00001 3 -25.000 -16.6536905 89.67371659999999
1701969838.0286016 -2.20000 -0.00001 3 -25.000 -16.6536905 89.67371659999999
1701969849.2936466 -2.22000 -0.00001 8 -15.000 -129.386365 58.9284413
1701969849.2936466 -2.22000 -0.00001 6 -15.000 -129.386365 58.9284413
1701969849.2936466 -2.22000 -0.00001 8 -15.000 -129.386365 58.9284413
1701969849.2936466 -2.22000 -0.00001 4 -15.000 -129.386365 58.9284413
1701969849.2936466 -2.22000 -0.00001 7 -15.000 -129.386365 58.9284413
1701969860.0828001 -2.22000 -0.00001 4 -25.000 -129.386365 58.9284413
1701969860.0828001 -2.22000 -0.00001 5 -25.000 -129.386365 58.9284413
1701969860.0828001 -2.22000 -0.00001 3 -25.000 -129.386365 58.9284413
1701969860.0828001 -2.22000 -0.00001 7 -25.000 -129.386365 58.9284413
1701969860.0828001 -2.22000 -0.00001 4 -25.000 -129.386365 58.9284413
1701969871.334433 -2.24000 -0.00001 3 -15.000 -78.1442374 156.288477
1701969871.334433 -2.24000 -0.00001 12 -15.000 -78.1442374 156.288477
1701969871.334433 -2.24000 -0.00001 5 -15.000 -78.1442374 156.288477
1701969871.334433 -2.24000 -0.00001 5 -15.000 -78.1442374 156.288477
1701969871.334433 -2.24000 -0.00001 8 -15.000 -78.1442374 156.288477
1701969881.9963303 -2.24000 -0.00001 9 -25.000 -78.1442374 156.288477
1701969881.9963303 -2.24000 -0.00001 10 -25.000 -78.1442374 156.288477
1701969881.9963303 -2.24000 -0.00001 5 -25.000 -78.1442374 156.288477
1701969881.9963303 -2.24000 -0.00001 6 -25.000 -78.1442374 156.288477
1701969881.9963303 -2.24000 -0.00001 8 -25.000 -78.1442374 156.288477
1701969893.376341 -2.26000 -0.00001 15 -15.000 -108.889513 166.536901
1701969893.376341 -2.26000 -0.00001 12 -15.000 -108.889513 166.536901
1701969893.376341 -2.26000 -0.00001 9 -15.000 -108.889513 166.536901
1701969893.376341 -2.26000 -0.00001 18 -15.000 -108.889513 166.536901
1701969893.376341 -2.26000 -0.00001 10 -15.000 -108.889513 166.536901
1701969904.0496025 -2.26000 -0.00001 10 -25.000 -108.889513 166.536901
1701969904.0496025 -2.26000 -0.00001 9 -25.000 -108.889513 166.536901
1701969904.0496025 -2.26000 -0.00001 16 -25.000 -108.889513 166.536901
1701969904.0496025 -2.26000 -0.00001 6 -25.000 -108.889513 166.536901
1701969904.0496025 -2.26000 -0.00001 12 -25.000 -108.889513 166.536901
1701969915.3158114 -2.28000 -0.00001 14 -15.000 -144.758999 171.661112
1701969915.3158114 -2.28000 -0.00001 15 -15.000 -144.758999 171.661112
1701969915.3158114 -2.28000 -0.00001 12 -15.000 -144.758999 171.661112
1701969915.3158114 -2.28000 -0.00001 21 -15.000 -144.758999 171.661112
1701969915.3158114 -2.28000 -0.00001 13 -15.000 -144.758999 171.661112
1701969925.9753172 -2.28000 -0.00001 14 -25.000 -144.758999 171.661112
1701969925.9753172 -2.28000 -0.00001 16 -25.000 -144.758999 171.661112
1701969925.9753172 -2.28000 -0.00001 13 -25.000 -144.758999 171.661112
1701969925.9753172 -2.28000 -0.00001 18 -25.000 -144.758999 171.661112
1701969925.9753172 -2.28000 -0.00001 16 -25.000 -144.758999 171.661112
1701969937.2611167 -2.30000 -0.00001 14 -15.000 -139.63478800000001 94.79792789999999
1701969937.2611167 -2.30000 -0.00001 21 -15.000 -139.63478800000001 94.79792789999999
1701969937.2611167 -2.30000 -0.00001 19 -15.000 -139.63478800000001 94.79792789999999
1701969937.2611167 -2.30000 -0.00001 22 -15.000 -139.63478800000001 94.79792789999999
1701969937.2611167 -2.30000 -0.00001 13 -15.000 -139.63478800000001 94.79792789999999
1701969948.0299578 -2.30000 -0.00001 37 -25.000 -139.63478800000001 94.79792789999999
1701969948.0299578 -2.30000 -0.00001 26 -25.000 -139.63478800000001 94.79792789999999
1701969948.0299578 -2.30000 -0.00001 21 -25.000 -139.63478800000001 94.79792789999999
1701969948.0299578 -2.30000 -0.00001 27 -25.000 -139.63478800000001 94.79792789999999
1701969948.0299578 -2.30000 -0.00001 18 -25.000 -139.63478800000001 94.79792789999999
1701969959.2948728 -2.32000 -0.00001 36 -15.000 -119.137935 181.909537
1701969959.2948728 -2.32000 -0.00001 33 -15.000 -119.137935 181.909537
1701969959.2948728 -2.32000 -0.00001 37 -15.000 -119.137935 181.909537
1701969959.2948728 -2.32000 -0.00001 44 -15.000 -119.137935 181.909537
1701969959.2948728 -2.32000 -0.00001 29 -15.000 -119.137935 181.909537
1701969970.059511 -2.32000 -0.00001 35 -25.000 -119.137935 181.909537
1701969970.059511 -2.32000 -0.00001 28 -25.000 -119.137935 181.909537
1701969970.059511 -2.32000 -0.00001 33 -25.000 -119.137935 181.909537
1701969970.059511 -2.32000 -0.00001 26 -25.000 -119.137935 181.909537
1701969970.059511 -2.32000 -0.00001 35 -25.000 -119.137935 181.909537
1701969981.2395883 -2.34000 -0.00001 54 -15.000 -155.00742200000002 99.92213919999999
1701969981.2395883 -2.34000 -0.00001 66 -15.000 -155.00742200000002 99.92213919999999
1701969981.2395883 -2.34000 -0.00001 55 -15.000 -155.00742200000002 99.92213919999999
1701969981.2395883 -2.34000 -0.00001 74 -15.000 -155.00742200000002 99.92213919999999
1701969981.2395883 -2.34000 -0.00001 61 -15.000 -155.00742200000002 99.92213919999999
1701969992.010749 -2.34000 -0.00001 49 -25.000 -155.00742200000002 99.92213919999999
1701969992.010749 -2.34000 -0.00001 59 -25.000 -155.00742200000002 99.92213919999999
1701969992.010749 -2.34000 -0.00001 56 -25.000 -155.00742200000002 99.92213919999999
1701969992.010749 -2.34000 -0.00001 49 -25.000 -155.00742200000002 99.92213919999999
1701969992.010749 -2.34000 -0.00001 45 -25.000 -155.00742200000002 99.92213919999999
1701970003.2752368 -2.36000 -0.00001 75 -15.000 -160.131633 176.785324
1701970003.2752368 -2.36000 -0.00001 72 -15.000 -160.131633 176.785324
1701970003.2752368 -2.36000 -0.00001 77 -15.000 -160.131633 176.785324
1701970003.2752368 -2.36000 -0.00001 80 -15.000 -160.131633 176.785324
1701970003.2752368 -2.36000 -0.00001 90 -15.000 -160.131633 176.785324
1701970014.051549 -2.36000 -0.00001 65 -25.000 -160.131633 176.785324
1701970014.051549 -2.36000 -0.00001 75 -25.000 -160.131633 176.785324
1701970014.051549 -2.36000 -0.00001 80 -25.000 -160.131633 176.785324
1701970014.051549 -2.36000 -0.00001 59 -25.000 -160.131633 176.785324
1701970014.051549 -2.36000 -0.00001 76 -25.000 -160.131633 176.785324
1701970025.3151934 -2.38000 -0.00001 117 -15.000 -155.00742200000002 187.033746
1701970025.3151934 -2.38000 -0.00001 124 -15.000 -155.00742200000002 187.033746
1701970025.3151934 -2.38000 -0.00001 112 -15.000 -155.00742200000002 187.033746
1701970025.3151934 -2.38000 -0.00001 120 -15.000 -155.00742200000002 187.033746
1701970025.3151934 -2.38000 -0.00001 125 -15.000 -155.00742200000002 187.033746
1701970035.9770699 -2.38000 -0.00001 95 -25.000 -155.00742200000002 187.033746
1701970035.9770699 -2.38000 -0.00001 110 -25.000 -155.00742200000002 187.033746
1701970035.9770699 -2.38000 -0.00001 114 -25.000 -155.00742200000002 187.033746
1701970035.9770699 -2.38000 -0.00001 132 -25.000 -155.00742200000002 187.033746
1701970035.9770699 -2.38000 -0.00001 115 -25.000 -155.00742200000002 187.033746
1701970047.255093 -2.40000 -0.00001 138 -15.000 -160.131633 192.15796
1701970047.255093 -2.40000 -0.00001 154 -15.000 -160.131633 192.15796
1701970047.255093 -2.40000 -0.00001 165 -15.000 -160.131633 192.15796
1701970047.255093 -2.40000 -0.00001 173 -15.000 -160.131633 192.15796
1701970047.255093 -2.40000 -0.00001 176 -15.000 -160.131633 192.15796
1701970058.0303924 -2.40000 -0.00001 188 -25.000 -160.131633 192.15796
1701970058.0303924 -2.40000 -0.00001 156 -25.000 -160.131633 192.15796
1701970058.0303924 -2.40000 -0.00001 162 -25.000 -160.131633 192.15796
1701970058.0303924 -2.40000 -0.00001 173 -25.000 -160.131633 192.15796
1701970058.0303924 -2.40000 -0.00001 163 -25.000 -160.131633 192.15796
1701970069.2958407 -2.42000 -0.00001 233 -15.000 -160.131633 192.15796
1701970069.2958407 -2.42000 -0.00001 240 -15.000 -160.131633 192.15796
1701970069.2958407 -2.42000 -0.00001 254 -15.000 -160.131633 192.15796
1701970069.2958407 -2.42000 -0.00001 214 -15.000 -160.131633 192.15796
1701970069.2958407 -2.42000 -0.00001 216 -15.000 -160.131633 192.15796
1701970080.0851696 -2.42000 -0.00001 228 -25.000 -160.131633 192.15796
1701970080.0851696 -2.42000 -0.00001 241 -25.000 -160.131633 192.15796
1701970080.0851696 -2.42000 -0.00001 230 -25.000 -160.131633 192.15796
1701970080.0851696 -2.42000 -0.00001 215 -25.000 -160.131633 192.15796
1701970080.0851696 -2.42000 -0.00001 212 -25.000 -160.131633 192.15796
1701970091.335802 -2.44000 -0.00001 317 -15.000 -170.380056 197.282171
1701970091.335802 -2.44000 -0.00001 291 -15.000 -170.380056 197.282171
1701970091.335802 -2.44000 -0.00001 345 -15.000 -170.380056 197.282171
1701970091.335802 -2.44000 -0.00001 329 -15.000 -170.380056 197.282171
1701970091.335802 -2.44000 -0.00001 366 -15.000 -170.380056 197.282171
1701970101.997833 -2.44000 -0.00001 337 -25.000 -170.380056 197.282171
1701970101.997833 -2.44000 -0.00001 335 -25.000 -170.380056 197.282171
1701970101.997833 -2.44000 -0.00001 338 -25.000 -170.380056 197.282171
1701970101.997833 -2.44000 -0.00001 328 -25.000 -170.380056 197.282171
1701970101.997833 -2.44000 -0.00001 344 -25.000 -170.380056 197.282171
1701970113.376004 -2.46000 -0.00001 433 -15.000 -170.380056 197.282171
1701970113.376004 -2.46000 -0.00001 443 -15.000 -170.380056 197.282171
1701970113.376004 -2.46000 -0.00001 422 -15.000 -170.380056 197.282171
1701970113.376004 -2.46000 -0.00001 438 -15.000 -170.380056 197.282171
1701970113.376004 -2.46000 -0.00001 445 -15.000 -170.380056 197.282171
1701970124.050869 -2.46000 -0.00001 423 -25.000 -170.380056 197.282171
1701970124.050869 -2.46000 -0.00001 406 -25.000 -170.380056 197.282171
1701970124.050869 -2.46000 -0.00001 445 -25.000 -170.380056 197.282171
1701970124.050869 -2.46000 -0.00001 442 -25.000 -170.380056 197.282171
1701970124.050869 -2.46000 -0.00001 430 -25.000 -170.380056 197.282171
1701970135.315597 -2.48000 -0.00001 515 -15.000 -170.380056 197.282171
1701970135.315597 -2.48000 -0.00001 532 -15.000 -170.380056 197.282171
1701970135.315597 -2.48000 -0.00001 537 -15.000 -170.380056 197.282171
1701970135.315597 -2.48000 -0.00001 555 -15.000 -170.380056 197.282171
1701970135.315597 -2.48000 -0.00001 579 -15.000 -170.380056 197.282171
1701970145.9774547 -2.48000 -0.00001 528 -25.000 -170.380056 197.282171
1701970145.9774547 -2.48000 -0.00001 530 -25.000 -170.380056 197.282171
1701970145.9774547 -2.48000 -0.00001 567 -25.000 -170.380056 197.282171
1701970145.9774547 -2.48000 -0.00001 514 -25.000 -170.380056 197.282171
1701970145.9774547 -2.48000 -0.00001 553 -25.000 -170.380056 197.282171
1701970157.3565817 -2.50000 -0.00001 661 -15.000 -170.380056 202.406382
1701970157.3565817 -2.50000 -0.00001 670 -15.000 -170.380056 202.406382
1701970157.3565817 -2.50000 -0.00001 678 -15.000 -170.380056 202.406382
1701970157.3565817 -2.50000 -0.00001 625 -15.000 -170.380056 202.406382
1701970157.3565817 -2.50000 -0.00001 644 -15.000 -170.380056 202.406382
1701970168.031858 -2.50000 -0.00001 670 -25.000 -170.380056 202.406382
1701970168.031858 -2.50000 -0.00001 672 -25.000 -170.380056 202.406382
1701970168.031858 -2.50000 -0.00001 638 -25.000 -170.380056 202.406382
1701970168.031858 -2.50000 -0.00001 662 -25.000 -170.380056 202.406382
1701970168.031858 -2.50000 -0.00001 648 -25.000 -170.380056 202.406382
1701970179.295609 -2.52000 -0.00001 819 -15.000 -175.504267 207.530595
1701970179.295609 -2.52000 -0.00001 793 -15.000 -175.504267 207.530595
1701970179.295609 -2.52000 -0.00001 824 -15.000 -175.504267 207.530595
1701970179.295609 -2.52000 -0.00001 781 -15.000 -175.504267 207.530595
1701970179.295609 -2.52000 -0.00001 788 -15.000 -175.504267 207.530595
1701970190.0698805 -2.52000 -0.00001 790 -25.000 -175.504267 207.530595
1701970190.0698805 -2.52000 -0.00001 796 -25.000 -175.504267 207.530595
1701970190.0698805 -2.52000 -0.00001 830 -25.000 -175.504267 207.530595
1701970190.0698805 -2.52000 -0.00001 825 -25.000 -175.504267 207.530595
1701970190.0698805 -2.52000 -0.00001 781 -25.000 -175.504267 207.530595
1701970201.335376 -2.54000 -0.00001 948 -15.000 -175.504267 202.406382
1701970201.335376 -2.54000 -0.00001 939 -15.000 -175.504267 202.406382
1701970201.335376 -2.54000 -0.00001 945 -15.000 -175.504267 202.406382
1701970201.335376 -2.54000 -0.00001 1010 -15.000 -175.504267 202.406382
1701970201.335376 -2.54000 -0.00001 930 -15.000 -175.504267 202.406382
1701970211.9974515 -2.54000 -0.00001 976 -25.000 -175.504267 202.406382
1701970211.9974515 -2.54000 -0.00001 1005 -25.000 -175.504267 202.406382
1701970211.9974515 -2.54000 -0.00001 946 -25.000 -175.504267 202.406382
1701970211.9974515 -2.54000 -0.00001 914 -25.000 -175.504267 202.406382
1701970211.9974515 -2.54000 -0.00001 929 -25.000 -175.504267 202.406382
1701970223.2741497 -2.56000 -0.00001 1103 -15.000 -175.504267 212.654807
1701970223.2741497 -2.56000 -0.00001 1105 -15.000 -175.504267 212.654807
1701970223.2741497 -2.56000 -0.00001 1110 -15.000 -175.504267 212.654807
1701970223.2741497 -2.56000 -0.00001 1078 -15.000 -175.504267 212.654807
1701970223.2741497 -2.56000 -0.00001 1082 -15.000 -175.504267 212.654807
1701970234.050647 -2.56000 -0.00001 1086 -25.000 -175.504267 212.654807
1701970234.050647 -2.56000 -0.00001 1106 -25.000 -175.504267 212.654807
1701970234.050647 -2.56000 -0.00001 1101 -25.000 -175.504267 212.654807
1701970234.050647 -2.56000 -0.00001 1101 -25.000 -175.504267 212.654807
1701970234.050647 -2.56000 -0.00001 1114 -25.000 -175.504267 212.654807
1701970245.3149674 -2.58000 -0.00001 1216 -15.000 -180.628479 217.77901799999998
1701970245.3149674 -2.58000 -0.00001 1271 -15.000 -180.628479 217.77901799999998
1701970245.3149674 -2.58000 -0.00001 1222 -15.000 -180.628479 217.77901799999998
1701970245.3149674 -2.58000 -0.00001 1235 -15.000 -180.628479 217.77901799999998
1701970245.3149674 -2.58000 -0.00001 1209 -15.000 -180.628479 217.77901799999998
1701970255.9775114 -2.58000 -0.00001 1175 -25.000 -180.628479 217.77901799999998
1701970255.9775114 -2.58000 -0.00001 1260 -25.000 -180.628479 217.77901799999998
1701970255.9775114 -2.58000 -0.00001 1299 -25.000 -180.628479 217.77901799999998
1701970255.9775114 -2.58000 -0.00001 1262 -25.000 -180.628479 217.77901799999998
1701970255.9775114 -2.58000 -0.00001 1270 -25.000 -180.628479 217.77901799999998
1701970267.2543995 -2.60000 -0.00001 1411 -15.000 -180.628479 212.654807
1701970267.2543995 -2.60000 -0.00001 1384 -15.000 -180.628479 212.654807
1701970267.2543995 -2.60000 -0.00001 1391 -15.000 -180.628479 212.654807
1701970267.2543995 -2.60000 -0.00001 1365 -15.000 -180.628479 212.654807
1701970267.2543995 -2.60000 -0.00001 1410 -15.000 -180.628479 212.654807
1701970278.0319495 -2.60000 -0.00001 1362 -25.000 -180.628479 212.654807
1701970278.0319495 -2.60000 -0.00001 1379 -25.000 -180.628479 212.654807
1701970278.0319495 -2.60000 -0.00001 1380 -25.000 -180.628479 212.654807
1701970278.0319495 -2.60000 -0.00001 1419 -25.000 -180.628479 212.654807
1701970278.0319495 -2.60000 -0.00001 1306 -25.000 -180.628479 212.654807
1701970289.3963308 -2.62000 -0.00001 1502 -15.000 -185.75269 217.77901799999998
1701970289.3963308 -2.62000 -0.00001 1539 -15.000 -185.75269 217.77901799999998
1701970289.3963308 -2.62000 -0.00001 1516 -15.000 -185.75269 217.77901799999998
1701970289.3963308 -2.62000 -0.00001 1533 -15.000 -185.75269 217.77901799999998
1701970289.3963308 -2.62000 -0.00001 1524 -15.000 -185.75269 217.77901799999998
1701970300.0711262 -2.62000 -0.00001 1574 -25.000 -185.75269 217.77901799999998
1701970300.0711262 -2.62000 -0.00001 1555 -25.000 -185.75269 217.77901799999998
1701970300.0711262 -2.62000 -0.00001 1555 -25.000 -185.75269 217.77901799999998
1701970300.0711262 -2.62000 -0.00001 1553 -25.000 -185.75269 217.77901799999998
1701970300.0711262 -2.62000 -0.00001 1540 -25.000 -185.75269 217.77901799999998
1701970311.3355026 -2.64000 -0.00001 1660 -15.000 -185.75269 217.77901799999998
1701970311.3355026 -2.64000 -0.00001 1697 -15.000 -185.75269 217.77901799999998
1701970311.3355026 -2.64000 -0.00001 1684 -15.000 -185.75269 217.77901799999998
1701970311.3355026 -2.64000 -0.00001 1652 -15.000 -185.75269 217.77901799999998
1701970311.3355026 -2.64000 -0.00001 1655 -15.000 -185.75269 217.77901799999998
1701970321.997409 -2.64000 -0.00001 1653 -25.000 -185.75269 217.77901799999998
1701970321.997409 -2.64000 -0.00001 1671 -25.000 -185.75269 217.77901799999998
1701970321.997409 -2.64000 -0.00001 1698 -25.000 -185.75269 217.77901799999998
1701970321.997409 -2.64000 -0.00001 1677 -25.000 -185.75269 217.77901799999998
1701970321.997409 -2.64000 -0.00001 1661 -25.000 -185.75269 217.77901799999998
1701970333.2823465 -2.66000 -0.00001 1744 -15.000 -190.87690099999998 222.903229
1701970333.2823465 -2.66000 -0.00001 1879 -15.000 -190.87690099999998 222.903229
1701970333.2823465 -2.66000 -0.00001 1809 -15.000 -190.87690099999998 222.903229
1701970333.2823465 -2.66000 -0.00001 1752 -15.000 -190.87690099999998 222.903229
1701970333.2823465 -2.66000 -0.00001 1766 -15.000 -190.87690099999998 222.903229
1701970344.0501692 -2.66000 -0.00001 1743 -25.000 -190.87690099999998 222.903229
1701970344.0501692 -2.66000 -0.00001 1827 -25.000 -190.87690099999998 222.903229
1701970344.0501692 -2.66000 -0.00001 1818 -25.000 -190.87690099999998 222.903229
1701970344.0501692 -2.66000 -0.00001 1840 -25.000 -190.87690099999998 222.903229
1701970344.0501692 -2.66000 -0.00001 1780 -25.000 -190.87690099999998 222.903229
1701970355.3272228 -2.68000 -0.00001 1918 -15.000 -190.87690099999998 222.903229
1701970355.3272228 -2.68000 -0.00001 1912 -15.000 -190.87690099999998 222.903229
1701970355.3272228 -2.68000 -0.00001 1920 -15.000 -190.87690099999998 222.903229
1701970355.3272228 -2.68000 -0.00001 1941 -15.000 -190.87690099999998 222.903229
1701970355.3272228 -2.68000 -0.00001 1945 -15.000 -190.87690099999998 222.903229
1701970365.9775035 -2.68000 -0.00001 1937 -25.000 -190.87690099999998 222.903229
1701970365.9775035 -2.68000 -0.00001 1902 -25.000 -190.87690099999998 222.903229
1701970365.9775035 -2.68000 -0.00001 1963 -25.000 -190.87690099999998 222.903229
1701970365.9775035 -2.68000 -0.00001 1905 -25.000 -190.87690099999998 222.903229
1701970365.9775035 -2.68000 -0.00001 1928 -25.000 -190.87690099999998 222.903229
1701970377.2557168 -2.70000 -0.00001 2072 -15.000 -190.87690099999998 222.903229
1701970377.2557168 -2.70000 -0.00001 2020 -15.000 -190.87690099999998 222.903229
1701970377.2557168 -2.70000 -0.00001 2040 -15.000 -190.87690099999998 222.903229
1701970377.2557168 -2.70000 -0.00001 2079 -15.000 -190.87690099999998 222.903229
1701970377.2557168 -2.70000 -0.00001 1999 -15.000 -190.87690099999998 222.903229
1701970388.0192187 -2.70000 -0.00001 2047 -25.000 -190.87690099999998 222.903229
1701970388.0192187 -2.70000 -0.00001 2034 -25.000 -190.87690099999998 222.903229
1701970388.0192187 -2.70000 -0.00001 2023 -25.000 -190.87690099999998 222.903229
1701970388.0192187 -2.70000 -0.00001 2054 -25.000 -190.87690099999998 222.903229
1701970388.0192187 -2.70000 -0.00001 2060 -25.000 -190.87690099999998 222.903229
1701970399.2957711 -2.72000 -0.00001 2130 -15.000 -196.001112 233.15165199999998
1701970399.2957711 -2.72000 -0.00001 2131 -15.000 -196.001112 233.15165199999998
1701970399.2957711 -2.72000 -0.00001 2138 -15.000 -196.001112 233.15165199999998
1701970399.2957711 -2.72000 -0.00001 2173 -15.000 -196.001112 233.15165199999998
1701970399.2957711 -2.72000 -0.00001 2182 -15.000 -196.001112 233.15165199999998
1701970410.080998 -2.72000 -0.00001 2150 -25.000 -196.001112 233.15165199999998
1701970410.080998 -2.72000 -0.00001 2151 -25.000 -196.001112 233.15165199999998
1701970410.080998 -2.72000 -0.00001 2132 -25.000 -196.001112 233.15165199999998
1701970410.080998 -2.72000 -0.00001 2144 -25.000 -196.001112 233.15165199999998
1701970410.080998 -2.72000 -0.00001 2162 -25.000 -196.001112 233.15165199999998
1701970421.3367782 -2.74000 -0.00001 2263 -15.000 -196.001112 233.15165199999998
1701970421.3367782 -2.74000 -0.00001 2245 -15.000 -196.001112 233.15165199999998
1701970421.3367782 -2.74000 -0.00001 2213 -15.000 -196.001112 233.15165199999998
1701970421.3367782 -2.74000 -0.00001 2282 -15.000 -196.001112 233.15165199999998
1701970421.3367782 -2.74000 -0.00001 2268 -15.000 -196.001112 233.15165199999998
1701970432.0000517 -2.74000 -0.00001 2258 -25.000 -196.001112 233.15165199999998
1701970432.0000517 -2.74000 -0.00001 2226 -25.000 -196.001112 233.15165199999998
1701970432.0000517 -2.74000 -0.00001 2271 -25.000 -196.001112 233.15165199999998
1701970432.0000517 -2.74000 -0.00001 2227 -25.000 -196.001112 233.15165199999998
1701970432.0000517 -2.74000 -0.00001 2231 -25.000 -196.001112 233.15165199999998
1701970443.2759218 -2.76000 -0.00001 2373 -15.000 -201.125324 233.15165199999998
1701970443.2759218 -2.76000 -0.00001 2366 -15.000 -201.125324 233.15165199999998
1701970443.2759218 -2.76000 -0.00001 2348 -15.000 -201.125324 233.15165199999998
1701970443.2759218 -2.76000 -0.00001 2346 -15.000 -201.125324 233.15165199999998
1701970443.2759218 -2.76000 -0.00001 2372 -15.000 -201.125324 233.15165199999998
1701970454.0643375 -2.76000 -0.00001 2375 -25.000 -201.125324 233.15165199999998
1701970454.0643375 -2.76000 -0.00001 2338 -25.000 -201.125324 233.15165199999998
1701970454.0643375 -2.76000 -0.00001 2392 -25.000 -201.125324 233.15165199999998
1701970454.0643375 -2.76000 -0.00001 2378 -25.000 -201.125324 233.15165199999998
1701970454.0643375 -2.76000 -0.00001 2358 -25.000 -201.125324 233.15165199999998
1701970465.3171413 -2.78000 -0.00002 2477 -15.000 -201.125324 238.27586300000002
1701970465.3171413 -2.78000 -0.00002 2502 -15.000 -201.125324 238.27586300000002
1701970465.3171413 -2.78000 -0.00002 2484 -15.000 -201.125324 238.27586300000002
1701970465.3171413 -2.78000 -0.00002 2468 -15.000 -201.125324 238.27586300000002
1701970465.3171413 -2.78000 -0.00002 2418 -15.000 -201.125324 238.27586300000002
1701970475.9799726 -2.78000 -0.00002 2463 -25.000 -201.125324 238.27586300000002
1701970475.9799726 -2.78000 -0.00002 2493 -25.000 -201.125324 238.27586300000002
1701970475.9799726 -2.78000 -0.00002 2487 -25.000 -201.125324 238.27586300000002
1701970475.9799726 -2.78000 -0.00002 2468 -25.000 -201.125324 238.27586300000002
1701970475.9799726 -2.78000 -0.00002 2494 -25.000 -201.125324 238.27586300000002
1701970487.2576356 -2.80000 -0.00001 2509 -15.000 -201.125324 238.27586300000002
1701970487.2576356 -2.80000 -0.00001 2552 -15.000 -201.125324 238.27586300000002
1701970487.2576356 -2.80000 -0.00001 2579 -15.000 -201.125324 238.27586300000002
1701970487.2576356 -2.80000 -0.00001 2552 -15.000 -201.125324 238.27586300000002
1701970487.2576356 -2.80000 -0.00001 2601 -15.000 -201.125324 238.27586300000002
1701970498.0329301 -2.80000 -0.00001 2548 -25.000 -201.125324 238.27586300000002
1701970498.0329301 -2.80000 -0.00001 2562 -25.000 -201.125324 238.27586300000002
1701970498.0329301 -2.80000 -0.00001 2555 -25.000 -201.125324 238.27586300000002
1701970498.0329301 -2.80000 -0.00001 2544 -25.000 -201.125324 238.27586300000002
1701970498.0329301 -2.80000 -0.00001 2578 -25.000 -201.125324 238.27586300000002
1701970509.2972877 -2.82000 -0.00001 2648 -15.000 -206.24955 243.40008899999998
1701970509.2972877 -2.82000 -0.00001 2615 -15.000 -206.24955 243.40008899999998
1701970509.2972877 -2.82000 -0.00001 2676 -15.000 -206.24955 243.40008899999998
1701970509.2972877 -2.82000 -0.00001 2645 -15.000 -206.24955 243.40008899999998
1701970509.2972877 -2.82000 -0.00001 2651 -15.000 -206.24955 243.40008899999998
1701970520.072979 -2.82000 -0.00001 2649 -25.000 -206.24955 243.40008899999998
1701970520.072979 -2.82000 -0.00001 2654 -25.000 -206.24955 243.40008899999998
1701970520.072979 -2.82000 -0.00001 2652 -25.000 -206.24955 243.40008899999998
1701970520.072979 -2.82000 -0.00001 2666 -25.000 -206.24955 243.40008899999998
1701970520.072979 -2.82000 -0.00001 2605 -25.000 -206.24955 243.40008899999998
1701970531.3377657 -2.84000 -0.00001 2746 -15.000 -206.24955 243.40008899999998
1701970531.3377657 -2.84000 -0.00001 2750 -15.000 -206.24955 243.40008899999998
1701970531.3377657 -2.84000 -0.00001 2756 -15.000 -206.24955 243.40008899999998
1701970531.3377657 -2.84000 -0.00001 2664 -15.000 -206.24955 243.40008899999998
1701970531.3377657 -2.84000 -0.00001 2695 -15.000 -206.24955 243.40008899999998
1701970542.0129495 -2.84000 -0.00001 2762 -25.000 -206.24955 243.40008899999998
1701970542.0129495 -2.84000 -0.00001 2702 -25.000 -206.24955 243.40008899999998
1701970542.0129495 -2.84000 -0.00001 2736 -25.000 -206.24955 243.40008899999998
1701970542.0129495 -2.84000 -0.00001 2714 -25.000 -206.24955 243.40008899999998
1701970542.0129495 -2.84000 -0.00001 2741 -25.000 -206.24955 243.40008899999998
1701970553.2765033 -2.86000 -0.00001 2872 -15.000 -211.373761 248.524301
1701970553.2765033 -2.86000 -0.00001 2787 -15.000 -211.373761 248.524301
1701970553.2765033 -2.86000 -0.00001 2844 -15.000 -211.373761 248.524301
1701970553.2765033 -2.86000 -0.00001 2814 -15.000 -211.373761 248.524301
1701970553.2765033 -2.86000 -0.00001 2818 -15.000 -211.373761 248.524301
1701970564.046481 -2.86000 -0.00001 2824 -25.000 -211.373761 248.524301
1701970564.046481 -2.86000 -0.00001 2812 -25.000 -211.373761 248.524301
1701970564.046481 -2.86000 -0.00001 2864 -25.000 -211.373761 248.524301
1701970564.046481 -2.86000 -0.00001 2793 -25.000 -211.373761 248.524301
1701970564.046481 -2.86000 -0.00001 2799 -25.000 -211.373761 248.524301
1701970575.2159796 -2.88000 -0.00002 2920 -15.000 -211.373761 248.524301
1701970575.2159796 -2.88000 -0.00002 2948 -15.000 -211.373761 248.524301
1701970575.2159796 -2.88000 -0.00002 2895 -15.000 -211.373761 248.524301
1701970575.2159796 -2.88000 -0.00002 2924 -15.000 -211.373761 248.524301
1701970575.2159796 -2.88000 -0.00002 2905 -15.000 -211.373761 248.524301
1701970585.97916 -2.88000 -0.00002 2889 -25.000 -211.373761 248.524301
1701970585.97916 -2.88000 -0.00002 2933 -25.000 -211.373761 248.524301
1701970585.97916 -2.88000 -0.00002 2895 -25.000 -211.373761 248.524301
1701970585.97916 -2.88000 -0.00002 2853 -25.000 -211.373761 248.524301
1701970585.97916 -2.88000 -0.00002 2904 -25.000 -211.373761 248.524301
1701970597.3566089 -2.90000 -0.00001 2960 -15.000 -216.497973 253.64851199999998
1701970597.3566089 -2.90000 -0.00001 2996 -15.000 -216.497973 253.64851199999998
1701970597.3566089 -2.90000 -0.00001 2959 -15.000 -216.497973 253.64851199999998
1701970597.3566089 -2.90000 -0.00001 2935 -15.000 -216.497973 253.64851199999998
1701970597.3566089 -2.90000 -0.00001 3009 -15.000 -216.497973 253.64851199999998
1701970608.03052 -2.90000 -0.00001 2991 -25.000 -216.497973 253.64851199999998
1701970608.03052 -2.90000 -0.00001 2949 -25.000 -216.497973 253.64851199999998
1701970608.03052 -2.90000 -0.00001 2956 -25.000 -216.497973 253.64851199999998
1701970608.03052 -2.90000 -0.00001 2986 -25.000 -216.497973 253.64851199999998
1701970608.03052 -2.90000 -0.00001 2971 -25.000 -216.497973 253.64851199999998
1701970619.196842 -2.92000 -0.00001 3066 -15.000 -216.497973 253.64851199999998
1701970619.196842 -2.92000 -0.00001 3093 -15.000 -216.497973 253.64851199999998
1701970619.196842 -2.92000 -0.00001 3031 -15.000 -216.497973 253.64851199999998
1701970619.196842 -2.92000 -0.00001 3050 -15.000 -216.497973 253.64851199999998
1701970619.196842 -2.92000 -0.00001 3011 -15.000 -216.497973 253.64851199999998
1701970630.0712602 -2.92000 -0.00001 3052 -25.000 -216.497973 253.64851199999998
1701970630.0712602 -2.92000 -0.00001 3068 -25.000 -216.497973 253.64851199999998
1701970630.0712602 -2.92000 -0.00001 3061 -25.000 -216.497973 253.64851199999998
1701970630.0712602 -2.92000 -0.00001 3078 -25.000 -216.497973 253.64851199999998
1701970630.0712602 -2.92000 -0.00001 3064 -25.000 -216.497973 253.64851199999998
1701970641.236956 -2.94000 -0.00001 3133 -15.000 -221.622184 253.64851199999998
1701970641.236956 -2.94000 -0.00001 3099 -15.000 -221.622184 253.64851199999998
1701970641.236956 -2.94000 -0.00001 3140 -15.000 -221.622184 253.64851199999998
1701970641.236956 -2.94000 -0.00001 3129 -15.000 -221.622184 253.64851199999998
1701970641.236956 -2.94000 -0.00001 3139 -15.000 -221.622184 253.64851199999998
1701970651.9983683 -2.94000 -0.00001 3133 -25.000 -221.622184 253.64851199999998
1701970651.9983683 -2.94000 -0.00001 3091 -25.000 -221.622184 253.64851199999998
1701970651.9983683 -2.94000 -0.00001 3151 -25.000 -221.622184 253.64851199999998
1701970651.9983683 -2.94000 -0.00001 3139 -25.000 -221.622184 253.64851199999998
1701970651.9983683 -2.94000 -0.00001 3136 -25.000 -221.622184 253.64851199999998
1701970663.2760031 -2.96000 -0.00002 3187 -15.000 -221.622184 263.896935
1701970663.2760031 -2.96000 -0.00002 3247 -15.000 -221.622184 263.896935
1701970663.2760031 -2.96000 -0.00002 3232 -15.000 -221.622184 263.896935
1701970663.2760031 -2.96000 -0.00002 3244 -15.000 -221.622184 263.896935
1701970663.2760031 -2.96000 -0.00002 3198 -15.000 -221.622184 263.896935
1701970674.0640697 -2.96000 -0.00002 3179 -25.000 -221.622184 263.896935
1701970674.0640697 -2.96000 -0.00002 3215 -25.000 -221.622184 263.896935
1701970674.0640697 -2.96000 -0.00002 3179 -25.000 -221.622184 263.896935
1701970674.0640697 -2.96000 -0.00002 3194 -25.000 -221.622184 263.896935
1701970674.0640697 -2.96000 -0.00002 3196 -25.000 -221.622184 263.896935
1701970685.2146375 -2.98000 -0.00002 3291 -15.000 -221.622184 263.896935
1701970685.2146375 -2.98000 -0.00002 3307 -15.000 -221.622184 263.896935
1701970685.2146375 -2.98000 -0.00002 3277 -15.000 -221.622184 263.896935
1701970685.2146375 -2.98000 -0.00002 3284 -15.000 -221.622184 263.896935
1701970685.2146375 -2.98000 -0.00002 3261 -15.000 -221.622184 263.896935
1701970695.9776144 -2.98000 -0.00002 3249 -25.000 -221.622184 263.896935
1701970695.9776144 -2.98000 -0.00002 3305 -25.000 -221.622184 263.896935
1701970695.9776144 -2.98000 -0.00002 3330 -25.000 -221.622184 263.896935
1701970695.9776144 -2.98000 -0.00002 3250 -25.000 -221.622184 263.896935
1701970695.9776144 -2.98000 -0.00002 3279 -25.000 -221.622184 263.896935
1701970707.2557042 -3.00000 -0.00002 3387 -15.000 -221.622184 263.896935
1701970707.2557042 -3.00000 -0.00002 3371 -15.000 -221.622184 263.896935
1701970707.2557042 -3.00000 -0.00002 3387 -15.000 -221.622184 263.896935
1701970707.2557042 -3.00000 -0.00002 3371 -15.000 -221.622184 263.896935
1701970707.2557042 -3.00000 -0.00002 3376 -15.000 -221.622184 263.896935
1701970718.030874 -3.00000 -0.00002 3347 -25.000 -221.622184 263.896935
1701970718.030874 -3.00000 -0.00002 3343 -25.000 -221.622184 263.896935
1701970718.030874 -3.00000 -0.00002 3326 -25.000 -221.622184 263.896935
1701970718.030874 -3.00000 -0.00002 3374 -25.000 -221.622184 263.896935
1701970718.030874 -3.00000 -0.00002 3361 -25.000 -221.622184 263.896935
1701970729.2954788 -3.02000 -0.00002 3429 -15.000 -226.74639499999998 269.021146
1701970729.2954788 -3.02000 -0.00002 3397 -15.000 -226.74639499999998 269.021146
1701970729.2954788 -3.02000 -0.00002 3441 -15.000 -226.74639499999998 269.021146
1701970729.2954788 -3.02000 -0.00002 3442 -15.000 -226.74639499999998 269.021146
1701970729.2954788 -3.02000 -0.00002 3468 -15.000 -226.74639499999998 269.021146
1701970740.0626988 -3.02000 -0.00002 3410 -25.000 -226.74639499999998 269.021146
1701970740.0626988 -3.02000 -0.00002 3419 -25.000 -226.74639499999998 269.021146
1701970740.0626988 -3.02000 -0.00002 3399 -25.000 -226.74639499999998 269.021146
1701970740.0626988 -3.02000 -0.00002 3377 -25.000 -226.74639499999998 269.021146
1701970740.0626988 -3.02000 -0.00002 3443 -25.000 -226.74639499999998 269.021146
1701970751.2351394 -3.04000 -0.00002 3502 -15.000 -226.74639499999998 269.021146
1701970751.2351394 -3.04000 -0.00002 3500 -15.000 -226.74639499999998 269.021146
1701970751.2351394 -3.04000 -0.00002 3471 -15.000 -226.74639499999998 269.021146
1701970751.2351394 -3.04000 -0.00002 3487 -15.000 -226.74639499999998 269.021146
1701970751.2351394 -3.04000 -0.00002 3499 -15.000 -226.74639499999998 269.021146
1701970762.0106316 -3.04000 -0.00002 3503 -25.000 -226.74639499999998 269.021146
1701970762.0106316 -3.04000 -0.00002 3516 -25.000 -226.74639499999998 269.021146
1701970762.0106316 -3.04000 -0.00002 3524 -25.000 -226.74639499999998 269.021146
1701970762.0106316 -3.04000 -0.00002 3492 -25.000 -226.74639499999998 269.021146
1701970762.0106316 -3.04000 -0.00002 3456 -25.000 -226.74639499999998 269.021146
1701970773.1746757 -3.06000 -0.00002 3535 -15.000 -231.870607 274.145357
1701970773.1746757 -3.06000 -0.00002 3555 -15.000 -231.870607 274.145357
1701970773.1746757 -3.06000 -0.00002 3546 -15.000 -231.870607 274.145357
1701970773.1746757 -3.06000 -0.00002 3575 -15.000 -231.870607 274.145357
1701970773.1746757 -3.06000 -0.00002 3544 -15.000 -231.870607 274.145357
1701970784.0425665 -3.06000 -0.00002 3584 -25.000 -231.870607 274.145357
1701970784.0425665 -3.06000 -0.00002 3584 -25.000 -231.870607 274.145357
1701970784.0425665 -3.06000 -0.00002 3525 -25.000 -231.870607 274.145357
1701970784.0425665 -3.06000 -0.00002 3598 -25.000 -231.870607 274.145357
1701970784.0425665 -3.06000 -0.00002 3570 -25.000 -231.870607 274.145357
1701970795.2265384 -3.08000 -0.00002 3662 -15.000 -231.870607 274.145357
1701970795.2265384 -3.08000 -0.00002 3660 -15.000 -231.870607 274.145357
1701970795.2265384 -3.08000 -0.00002 3664 -15.000 -231.870607 274.145357
1701970795.2265384 -3.08000 -0.00002 3618 -15.000 -231.870607 274.145357
1701970795.2265384 -3.08000 -0.00002 3602 -15.000 -231.870607 274.145357
1701970805.9787903 -3.08000 -0.00002 3644 -25.000 -231.870607 274.145357
1701970805.9787903 -3.08000 -0.00002 3671 -25.000 -231.870607 274.145357
1701970805.9787903 -3.08000 -0.00002 3665 -25.000 -231.870607 274.145357
1701970805.9787903 -3.08000 -0.00002 3653 -25.000 -231.870607 274.145357
1701970805.9787903 -3.08000 -0.00002 3655 -25.000 -231.870607 274.145357
1701970817.2552707 -3.10000 -0.00002 3750 -15.000 -236.994818 279.269569
1701970817.2552707 -3.10000 -0.00002 3743 -15.000 -236.994818 279.269569
1701970817.2552707 -3.10000 -0.00002 3721 -15.000 -236.994818 279.269569
1701970817.2552707 -3.10000 -0.00002 3704 -15.000 -236.994818 279.269569
1701970817.2552707 -3.10000 -0.00002 3719 -15.000 -236.994818 279.269569
1701970828.0314324 -3.10000 -0.00002 3754 -25.000 -236.994818 279.269569
1701970828.0314324 -3.10000 -0.00002 3711 -25.000 -236.994818 279.269569
1701970828.0314324 -3.10000 -0.00002 3724 -25.000 -236.994818 279.269569
1701970828.0314324 -3.10000 -0.00002 3729 -25.000 -236.994818 279.269569
1701970828.0314324 -3.10000 -0.00002 3723 -25.000 -236.994818 279.269569
1701970839.1950495 -3.12000 -0.00002 3829 -15.000 -236.994818 279.269569
1701970839.1950495 -3.12000 -0.00002 3762 -15.000 -236.994818 279.269569
1701970839.1950495 -3.12000 -0.00002 3804 -15.000 -236.994818 279.269569
1701970839.1950495 -3.12000 -0.00002 3830 -15.000 -236.994818 279.269569
1701970839.1950495 -3.12000 -0.00002 3787 -15.000 -236.994818 279.269569
1701970850.0650043 -3.12000 -0.00002 3791 -25.000 -236.994818 279.269569
1701970850.0650043 -3.12000 -0.00002 3799 -25.000 -236.994818 279.269569
1701970850.0650043 -3.12000 -0.00002 3794 -25.000 -236.994818 279.269569
1701970850.0650043 -3.12000 -0.00002 3805 -25.000 -236.994818 279.269569
1701970850.0650043 -3.12000 -0.00002 3776 -25.000 -236.994818 279.269569
1701970861.2346475 -3.14000 -0.00002 3874 -15.000 -236.994818 289.517991
1701970861.2346475 -3.14000 -0.00002 3832 -15.000 -236.994818 289.517991
1701970861.2346475 -3.14000 -0.00002 3896 -15.000 -236.994818 289.517991
1701970861.2346475 -3.14000 -0.00002 3924 -15.000 -236.994818 289.517991
1701970861.2346475 -3.14000 -0.00002 3875 -15.000 -236.994818 289.517991
1701970871.998225 -3.14000 -0.00002 3879 -25.000 -236.994818 289.517991
1701970871.998225 -3.14000 -0.00002 3881 -25.000 -236.994818 289.517991
1701970871.998225 -3.14000 -0.00002 3898 -25.000 -236.994818 289.517991
1701970871.998225 -3.14000 -0.00002 3845 -25.000 -236.994818 289.517991
1701970871.998225 -3.14000 -0.00002 3903 -25.000 -236.994818 289.517991
1701970883.2759054 -3.16000 -0.00002 3948 -15.000 -242.119029 284.39378
1701970883.2759054 -3.16000 -0.00002 3895 -15.000 -242.119029 284.39378
1701970883.2759054 -3.16000 -0.00002 3980 -15.000 -242.119029 284.39378
1701970883.2759054 -3.16000 -0.00002 3991 -15.000 -242.119029 284.39378
1701970883.2759054 -3.16000 -0.00002 3960 -15.000 -242.119029 284.39378
1701970894.0493567 -3.16000 -0.00002 3944 -25.000 -242.119029 284.39378
1701970894.0493567 -3.16000 -0.00002 3957 -25.000 -242.119029 284.39378
1701970894.0493567 -3.16000 -0.00002 4009 -25.000 -242.119029 284.39378
1701970894.0493567 -3.16000 -0.00002 3938 -25.000 -242.119029 284.39378
1701970894.0493567 -3.16000 -0.00002 3931 -25.000 -242.119029 284.39378
1701970905.2147965 -3.18000 -0.00002 4035 -15.000 -247.24324000000001 284.39378
1701970905.2147965 -3.18000 -0.00002 4053 -15.000 -247.24324000000001 284.39378
1701970905.2147965 -3.18000 -0.00002 4007 -15.000 -247.24324000000001 284.39378
1701970905.2147965 -3.18000 -0.00002 4029 -15.000 -247.24324000000001 284.39378
1701970905.2147965 -3.18000 -0.00002 4064 -15.000 -247.24324000000001 284.39378
1701970915.9782965 -3.18000 -0.00002 4008 -25.000 -247.24324000000001 284.39378
1701970915.9782965 -3.18000 -0.00002 4023 -25.000 -247.24324000000001 284.39378
1701970915.9782965 -3.18000 -0.00002 4026 -25.000 -247.24324000000001 284.39378
1701970915.9782965 -3.18000 -0.00002 4034 -25.000 -247.24324000000001 284.39378
1701970915.9782965 -3.18000 -0.00002 4049 -25.000 -247.24324000000001 284.39378
1701970927.1624005 -3.20000 -0.00002 4102 -15.000 -242.119029 289.517991
1701970927.1624005 -3.20000 -0.00002 4111 -15.000 -242.119029 289.517991
1701970927.1624005 -3.20000 -0.00002 4126 -15.000 -242.119029 289.517991
1701970927.1624005 -3.20000 -0.00002 4097 -15.000 -242.119029 289.517991
1701970927.1624005 -3.20000 -0.00002 4135 -15.000 -242.119029 289.517991
1701970938.031707 -3.20000 -0.00002 4158 -25.000 -242.119029 289.517991
1701970938.031707 -3.20000 -0.00002 4128 -25.000 -242.119029 289.517991
1701970938.031707 -3.20000 -0.00002 4090 -25.000 -242.119029 289.517991
1701970938.031707 -3.20000 -0.00002 4132 -25.000 -242.119029 289.517991
1701970938.031707 -3.20000 -0.00002 4119 -25.000 -242.119029 289.517991
1701970949.2958722 -3.22000 -0.00002 4185 -15.000 -247.24324000000001 289.517991
1701970949.2958722 -3.22000 -0.00002 4185 -15.000 -247.24324000000001 289.517991
1701970949.2958722 -3.22000 -0.00002 4206 -15.000 -247.24324000000001 289.517991
1701970949.2958722 -3.22000 -0.00002 4185 -15.000 -247.24324000000001 289.517991
1701970949.2958722 -3.22000 -0.00002 4205 -15.000 -247.24324000000001 289.517991
1701970959.9586148 -3.22000 -0.00002 4149 -25.000 -247.24324000000001 289.517991
1701970959.9586148 -3.22000 -0.00002 4219 -25.000 -247.24324000000001 289.517991
1701970959.9586148 -3.22000 -0.00002 4166 -25.000 -247.24324000000001 289.517991
1701970959.9586148 -3.22000 -0.00002 4191 -25.000 -247.24324000000001 289.517991
1701970959.9586148 -3.22000 -0.00002 4224 -25.000 -247.24324000000001 289.517991
1701970971.3370101 -3.24000 -0.00002 4269 -15.000 -252.367467 299.766429
1701970971.3370101 -3.24000 -0.00002 4277 -15.000 -252.367467 299.766429
1701970971.3370101 -3.24000 -0.00002 4276 -15.000 -252.367467 299.766429
1701970971.3370101 -3.24000 -0.00002 4260 -15.000 -252.367467 299.766429
1701970971.3370101 -3.24000 -0.00002 4289 -15.000 -252.367467 299.766429
1701970981.9995775 -3.24000 -0.00002 4300 -25.000 -252.367467 299.766429
1701970981.9995775 -3.24000 -0.00002 4289 -25.000 -252.367467 299.766429
1701970981.9995775 -3.24000 -0.00002 4260 -25.000 -252.367467 299.766429
1701970981.9995775 -3.24000 -0.00002 4293 -25.000 -252.367467 299.766429
1701970981.9995775 -3.24000 -0.00002 4277 -25.000 -252.367467 299.766429
1701970993.377092 -3.26000 -0.00002 4338 -15.000 -252.367467 299.766429
1701970993.377092 -3.26000 -0.00002 4376 -15.000 -252.367467 299.766429
1701970993.377092 -3.26000 -0.00002 4374 -15.000 -252.367467 299.766429
1701970993.377092 -3.26000 -0.00002 4348 -15.000 -252.367467 299.766429
1701970993.377092 -3.26000 -0.00002 4397 -15.000 -252.367467 299.766429
1701971004.0523038 -3.26000 -0.00002 4373 -25.000 -252.367467 299.766429
1701971004.0523038 -3.26000 -0.00002 4375 -25.000 -252.367467 299.766429
1701971004.0523038 -3.26000 -0.00002 4344 -25.000 -252.367467 299.766429
1701971004.0523038 -3.26000 -0.00002 4355 -25.000 -252.367467 299.766429
1701971004.0523038 -3.26000 -0.00002 4355 -25.000 -252.367467 299.766429
1701971015.3168943 -3.28000 -0.00002 4463 -15.000 -257.491678 299.766429
1701971015.3168943 -3.28000 -0.00002 4459 -15.000 -257.491678 299.766429
1701971015.3168943 -3.28000 -0.00002 4451 -15.000 -257.491678 299.766429
1701971015.3168943 -3.28000 -0.00002 4478 -15.000 -257.491678 299.766429
1701971015.3168943 -3.28000 -0.00002 4418 -15.000 -257.491678 299.766429
1701971025.9792852 -3.28000 -0.00002 4449 -25.000 -257.491678 299.766429
1701971025.9792852 -3.28000 -0.00002 4442 -25.000 -257.491678 299.766429
1701971025.9792852 -3.28000 -0.00002 4452 -25.000 -257.491678 299.766429
1701971025.9792852 -3.28000 -0.00002 4487 -25.000 -257.491678 299.766429
1701971025.9792852 -3.28000 -0.00002 4410 -25.000 -257.491678 299.766429
1701971037.2563577 -3.30000 -0.00002 4465 -15.000 -252.367467 304.890644
1701971037.2563577 -3.30000 -0.00002 4495 -15.000 -252.367467 304.890644
1701971037.2563577 -3.30000 -0.00002 4510 -15.000 -252.367467 304.890644
1701971037.2563577 -3.30000 -0.00002 4539 -15.000 -252.367467 304.890644
1701971037.2563577 -3.30000 -0.00002 4539 -15.000 -252.367467 304.890644
1701971048.0309353 -3.30000 -0.00002 4516 -25.000 -252.367467 304.890644
1701971048.0309353 -3.30000 -0.00002 4520 -25.000 -252.367467 304.890644
1701971048.0309353 -3.30000 -0.00002 4571 -25.000 -252.367467 304.890644
1701971048.0309353 -3.30000 -0.00002 4529 -25.000 -252.367467 304.890644
1701971048.0309353 -3.30000 -0.00002 4525 -25.000 -252.367467 304.890644
1701971059.2972438 -3.32000 -0.00002 4592 -15.000 -262.615889 304.89063999999996
1701971059.2972438 -3.32000 -0.00002 4612 -15.000 -262.615889 304.89063999999996
1701971059.2972438 -3.32000 -0.00002 4627 -15.000 -262.615889 304.89063999999996
1701971059.2972438 -3.32000 -0.00002 4623 -15.000 -262.615889 304.89063999999996
1701971059.2972438 -3.32000 -0.00002 4616 -15.000 -262.615889 304.89063999999996
1701971069.9594326 -3.32000 -0.00002 4586 -25.000 -262.615889 304.89063999999996
1701971069.9594326 -3.32000 -0.00002 4652 -25.000 -262.615889 304.89063999999996
1701971069.9594326 -3.32000 -0.00002 4631 -25.000 -262.615889 304.89063999999996
1701971069.9594326 -3.32000 -0.00002 4593 -25.000 -262.615889 304.89063999999996
1701971069.9594326 -3.32000 -0.00002 4592 -25.000 -262.615889 304.89063999999996
1701971081.3369184 -3.34000 -0.00002 4706 -15.000 -288.236946 304.89063999999996
1701971081.3369184 -3.34000 -0.00002 4660 -15.000 -288.236946 304.89063999999996
1701971081.3369184 -3.34000 -0.00002 4696 -15.000 -288.236946 304.89063999999996
1701971081.3369184 -3.34000 -0.00002 4661 -15.000 -288.236946 304.89063999999996
1701971081.3369184 -3.34000 -0.00002 4722 -15.000 -288.236946 304.89063999999996
1701971091.999027 -3.34000 -0.00002 4639 -25.000 -288.236946 304.89063999999996
1701971091.999027 -3.34000 -0.00002 4680 -25.000 -288.236946 304.89063999999996
1701971091.999027 -3.34000 -0.00002 4684 -25.000 -288.236946 304.89063999999996
1701971091.999027 -3.34000 -0.00002 4709 -25.000 -288.236946 304.89063999999996
1701971091.999027 -3.34000 -0.00002 4683 -25.000 -288.236946 304.89063999999996
1701971103.283617 -3.36000 -0.00002 4785 -15.000 -262.615889 325.38748899999996
1701971103.283617 -3.36000 -0.00002 4745 -15.000 -262.615889 325.38748899999996
1701971103.283617 -3.36000 -0.00002 4796 -15.000 -262.615889 325.38748899999996
1701971103.283617 -3.36000 -0.00002 4748 -15.000 -262.615889 325.38748899999996
1701971103.283617 -3.36000 -0.00002 4755 -15.000 -262.615889 325.38748899999996
1701971114.0654595 -3.36000 -0.00002 4746 -25.000 -262.615889 325.38748899999996
1701971114.0654595 -3.36000 -0.00002 4801 -25.000 -262.615889 325.38748899999996
1701971114.0654595 -3.36000 -0.00002 4782 -25.000 -262.615889 325.38748899999996
1701971114.0654595 -3.36000 -0.00002 4697 -25.000 -262.615889 325.38748899999996
1701971114.0654595 -3.36000 -0.00002 4765 -25.000 -262.615889 325.38748899999996
1701971125.3163438 -3.38000 -0.00002 4913 -15.000 -257.491678 304.89063999999996
1701971125.3163438 -3.38000 -0.00002 4853 -15.000 -257.491678 304.89063999999996
1701971125.3163438 -3.38000 -0.00002 4806 -15.000 -257.491678 304.89063999999996
1701971125.3163438 -3.38000 -0.00002 4847 -15.000 -257.491678 304.89063999999996
1701971125.3163438 -3.38000 -0.00002 4903 -15.000 -257.491678 304.89063999999996
1701971135.9782531 -3.38000 -0.00002 4884 -25.000 -257.491678 304.89063999999996
1701971135.9782531 -3.38000 -0.00002 4823 -25.000 -257.491678 304.89063999999996
1701971135.9782531 -3.38000 -0.00002 4858 -25.000 -257.491678 304.89063999999996
1701971135.9782531 -3.38000 -0.00002 4858 -25.000 -257.491678 304.89063999999996
1701971135.9782531 -3.38000 -0.00002 4852 -25.000 -257.491678 304.89063999999996
1701971147.256507 -3.40000 -0.00002 4984 -15.000 -267.740101 310.01485099999996
1701971147.256507 -3.40000 -0.00002 4942 -15.000 -267.740101 310.01485099999996
1701971147.256507 -3.40000 -0.00002 4918 -15.000 -267.740101 310.01485099999996
1701971147.256507 -3.40000 -0.00002 4950 -15.000 -267.740101 310.01485099999996
1701971147.256507 -3.40000 -0.00002 4914 -15.000 -267.740101 310.01485099999996
1701971158.029741 -3.40000 -0.00002 4902 -25.000 -267.740101 310.01485099999996
1701971158.029741 -3.40000 -0.00002 4939 -25.000 -267.740101 310.01485099999996
1701971158.029741 -3.40000 -0.00002 4914 -25.000 -267.740101 310.01485099999996
1701971158.029741 -3.40000 -0.00002 4981 -25.000 -267.740101 310.01485099999996
1701971158.029741 -3.40000 -0.00002 4951 -25.000 -267.740101 310.01485099999996
1701971169.1952512 -3.42000 -0.00002 5029 -15.000 -262.615889 315.139066
1701971169.1952512 -3.42000 -0.00002 5026 -15.000 -262.615889 315.139066
1701971169.1952512 -3.42000 -0.00002 5029 -15.000 -262.615889 315.139066
1701971169.1952512 -3.42000 -0.00002 4982 -15.000 -262.615889 315.139066
1701971169.1952512 -3.42000 -0.00002 5055 -15.000 -262.615889 315.139066
1701971179.9598334 -3.42000 -0.00002 5001 -25.000 -262.615889 315.139066
1701971179.9598334 -3.42000 -0.00002 5015 -25.000 -262.615889 315.139066
1701971179.9598334 -3.42000 -0.00002 5011 -25.000 -262.615889 315.139066
1701971179.9598334 -3.42000 -0.00002 5003 -25.000 -262.615889 315.139066
1701971179.9598334 -3.42000 -0.00002 5005 -25.000 -262.615889 315.139066
1701971191.236199 -3.44000 -0.00002 5077 -15.000 -267.740101 325.38748899999996
1701971191.236199 -3.44000 -0.00002 5129 -15.000 -267.740101 325.38748899999996
1701971191.236199 -3.44000 -0.00002 5079 -15.000 -267.740101 325.38748899999996
1701971191.236199 -3.44000 -0.00002 5080 -15.000 -267.740101 325.38748899999996
1701971191.236199 -3.44000 -0.00002 5120 -15.000 -267.740101 325.38748899999996
1701971202.0123942 -3.44000 -0.00002 5075 -25.000 -267.740101 325.38748899999996
1701971202.0123942 -3.44000 -0.00002 5095 -25.000 -267.740101 325.38748899999996
1701971202.0123942 -3.44000 -0.00002 5055 -25.000 -267.740101 325.38748899999996
1701971202.0123942 -3.44000 -0.00002 5058 -25.000 -267.740101 325.38748899999996
1701971202.0123942 -3.44000 -0.00002 5083 -25.000 -267.740101 325.38748899999996
1701971213.276086 -3.46000 -0.00002 5160 -15.000 -267.740101 320.26327799999996
1701971213.276086 -3.46000 -0.00002 5192 -15.000 -267.740101 320.26327799999996
1701971213.276086 -3.46000 -0.00002 5155 -15.000 -267.740101 320.26327799999996
1701971213.276086 -3.46000 -0.00002 5194 -15.000 -267.740101 320.26327799999996
1701971213.276086 -3.46000 -0.00002 5189 -15.000 -267.740101 320.26327799999996
1701971224.0404093 -3.46000 -0.00002 5185 -25.000 -267.740101 320.26327799999996
1701971224.0404093 -3.46000 -0.00002 5173 -25.000 -267.740101 320.26327799999996
1701971224.0404093 -3.46000 -0.00002 5191 -25.000 -267.740101 320.26327799999996
1701971224.0404093 -3.46000 -0.00002 5127 -25.000 -267.740101 320.26327799999996
1701971224.0404093 -3.46000 -0.00002 5175 -25.000 -267.740101 320.26327799999996
1701971235.2215834 -3.48000 -0.00002 5260 -15.000 -272.864312 325.38748899999996
1701971235.2215834 -3.48000 -0.00002 5270 -15.000 -272.864312 325.38748899999996
1701971235.2215834 -3.48000 -0.00002 5229 -15.000 -272.864312 325.38748899999996
1701971235.2215834 -3.48000 -0.00002 5264 -15.000 -272.864312 325.38748899999996
1701971235.2215834 -3.48000 -0.00002 5255 -15.000 -272.864312 325.38748899999996
1701971245.9780908 -3.48000 -0.00002 5270 -25.000 -272.864312 325.38748899999996
1701971245.9780908 -3.48000 -0.00002 5265 -25.000 -272.864312 325.38748899999996
1701971245.9780908 -3.48000 -0.00002 5274 -25.000 -272.864312 325.38748899999996
1701971245.9780908 -3.48000 -0.00002 5272 -25.000 -272.864312 325.38748899999996
1701971245.9780908 -3.48000 -0.00002 5272 -25.000 -272.864312 325.38748899999996
1701971257.2554638 -3.50000 -0.00003 5363 -15.000 -308.733791 325.38748899999996
1701971257.2554638 -3.50000 -0.00003 5350 -15.000 -308.733791 325.38748899999996
1701971257.2554638 -3.50000 -0.00003 5389 -15.000 -308.733791 325.38748899999996
1701971257.2554638 -3.50000 -0.00003 5349 -15.000 -308.733791 325.38748899999996
1701971257.2554638 -3.50000 -0.00003 5307 -15.000 -308.733791 325.38748899999996
1701971268.0444965 -3.50000 -0.00003 5329 -25.000 -308.733791 325.38748899999996
1701971268.0444965 -3.50000 -0.00003 5309 -25.000 -308.733791 325.38748899999996
1701971268.0444965 -3.50000 -0.00003 5355 -25.000 -308.733791 325.38748899999996
1701971268.0444965 -3.50000 -0.00003 5345 -25.000 -308.733791 325.38748899999996
1701971268.0444965 -3.50000 -0.00003 5354 -25.000 -308.733791 325.38748899999996
1701971279.2026243 -3.52000 -0.00003 5409 -15.000 -272.864312 325.38748899999996
1701971279.2026243 -3.52000 -0.00003 5422 -15.000 -272.864312 325.38748899999996
1701971279.2026243 -3.52000 -0.00003 5425 -15.000 -272.864312 325.38748899999996
1701971279.2026243 -3.52000 -0.00003 5422 -15.000 -272.864312 325.38748899999996
1701971279.2026243 -3.52000 -0.00003 5436 -15.000 -272.864312 325.38748899999996
1701971289.959759 -3.52000 -0.00003 5410 -25.000 -272.864312 325.38748899999996
1701971289.959759 -3.52000 -0.00003 5446 -25.000 -272.864312 325.38748899999996
1701971289.959759 -3.52000 -0.00003 5416 -25.000 -272.864312 325.38748899999996
1701971289.959759 -3.52000 -0.00003 5461 -25.000 -272.864312 325.38748899999996
1701971289.959759 -3.52000 -0.00003 5427 -25.000 -272.864312 325.38748899999996
1701971301.2363732 -3.54000 -0.00002 5485 -15.000 -272.864312 325.38748899999996
1701971301.2363732 -3.54000 -0.00002 5515 -15.000 -272.864312 325.38748899999996
1701971301.2363732 -3.54000 -0.00002 5502 -15.000 -272.864312 325.38748899999996
1701971301.2363732 -3.54000 -0.00002 5546 -15.000 -272.864312 325.38748899999996
1701971301.2363732 -3.54000 -0.00002 5510 -15.000 -272.864312 325.38748899999996
1701971312.0555453 -3.54000 -0.00002 5493 -25.000 -272.864312 325.38748899999996
1701971312.0555453 -3.54000 -0.00002 5519 -25.000 -272.864312 325.38748899999996
1701971312.0555453 -3.54000 -0.00002 5495 -25.000 -272.864312 325.38748899999996
1701971312.0555453 -3.54000 -0.00002 5490 -25.000 -272.864312 325.38748899999996
1701971312.0555453 -3.54000 -0.00002 5471 -25.000 -272.864312 325.38748899999996
1701971323.2771854 -3.56000 -0.00002 5575 -15.000 -277.988523 330.5117
1701971323.2771854 -3.56000 -0.00002 5587 -15.000 -277.988523 330.5117
1701971323.2771854 -3.56000 -0.00002 5556 -15.000 -277.988523 330.5117
1701971323.2771854 -3.56000 -0.00002 5607 -15.000 -277.988523 330.5117
1701971323.2771854 -3.56000 -0.00002 5571 -15.000 -277.988523 330.5117
1701971334.0537026 -3.56000 -0.00002 5584 -25.000 -277.988523 330.5117
1701971334.0537026 -3.56000 -0.00002 5575 -25.000 -277.988523 330.5117
1701971334.0537026 -3.56000 -0.00002 5563 -25.000 -277.988523 330.5117
1701971334.0537026 -3.56000 -0.00002 5612 -25.000 -277.988523 330.5117
1701971334.0537026 -3.56000 -0.00002 5549 -25.000 -277.988523 330.5117
1701971345.2162852 -3.58000 -0.00003 5680 -15.000 -277.988523 371.50539100000003
1701971345.2162852 -3.58000 -0.00003 5653 -15.000 -277.988523 371.50539100000003
1701971345.2162852 -3.58000 -0.00003 5675 -15.000 -277.988523 371.50539100000003
1701971345.2162852 -3.58000 -0.00003 5673 -15.000 -277.988523 371.50539100000003
1701971345.2162852 -3.58000 -0.00003 5664 -15.000 -277.988523 371.50539100000003
1701971355.9801137 -3.58000 -0.00003 5628 -25.000 -277.988523 371.50539100000003
1701971355.9801137 -3.58000 -0.00003 5630 -25.000 -277.988523 371.50539100000003
1701971355.9801137 -3.58000 -0.00003 5660 -25.000 -277.988523 371.50539100000003
1701971355.9801137 -3.58000 -0.00003 5671 -25.000 -277.988523 371.50539100000003
1701971355.9801137 -3.58000 -0.00003 5671 -25.000 -277.988523 371.50539100000003
1701971367.2576993 -3.60000 -0.00002 5716 -15.000 -277.988523 335.63591199999996
1701971367.2576993 -3.60000 -0.00002 5775 -15.000 -277.988523 335.63591199999996
1701971367.2576993 -3.60000 -0.00002 5748 -15.000 -277.988523 335.63591199999996
1701971367.2576993 -3.60000 -0.00002 5785 -15.000 -277.988523 335.63591199999996
1701971367.2576993 -3.60000 -0.00002 5730 -15.000 -277.988523 335.63591199999996
1701971378.0335498 -3.60000 -0.00002 5765 -25.000 -277.988523 335.63591199999996
1701971378.0335498 -3.60000 -0.00002 5746 -25.000 -277.988523 335.63591199999996
1701971378.0335498 -3.60000 -0.00002 5718 -25.000 -277.988523 335.63591199999996
1701971378.0335498 -3.60000 -0.00002 5761 -25.000 -277.988523 335.63591199999996
1701971378.0335498 -3.60000 -0.00002 5740 -25.000 -277.988523 335.63591199999996
1701971389.298499 -3.62000 -0.00003 5822 -15.000 -283.112735 386.87802500000004
1701971389.298499 -3.62000 -0.00003 5849 -15.000 -283.112735 386.87802500000004
1701971389.298499 -3.62000 -0.00003 5801 -15.000 -283.112735 386.87802500000004
1701971389.298499 -3.62000 -0.00003 5821 -15.000 -283.112735 386.87802500000004
1701971389.298499 -3.62000 -0.00003 5809 -15.000 -283.112735 386.87802500000004
1701971399.9598303 -3.62000 -0.00003 5863 -25.000 -283.112735 386.87802500000004
1701971399.9598303 -3.62000 -0.00003 5865 -25.000 -283.112735 386.87802500000004
1701971399.9598303 -3.62000 -0.00003 5830 -25.000 -283.112735 386.87802500000004
1701971399.9598303 -3.62000 -0.00003 5799 -25.000 -283.112735 386.87802500000004
1701971399.9598303 -3.62000 -0.00003 5814 -25.000 -283.112735 386.87802500000004
1701971411.2407324 -3.64000 -0.00003 5941 -15.000 -283.112735 335.63591199999996
1701971411.2407324 -3.64000 -0.00003 5911 -15.000 -283.112735 335.63591199999996
1701971411.2407324 -3.64000 -0.00003 5885 -15.000 -283.112735 335.63591199999996
1701971411.2407324 -3.64000 -0.00003 5911 -15.000 -283.112735 335.63591199999996
1701971411.2407324 -3.64000 -0.00003 5869 -15.000 -283.112735 335.63591199999996
1701971422.0140448 -3.64000 -0.00003 5917 -25.000 -283.112735 335.63591199999996
1701971422.0140448 -3.64000 -0.00003 5926 -25.000 -283.112735 335.63591199999996
1701971422.0140448 -3.64000 -0.00003 5909 -25.000 -283.112735 335.63591199999996
1701971422.0140448 -3.64000 -0.00003 5886 -25.000 -283.112735 335.63591199999996
1701971422.0140448 -3.64000 -0.00003 5896 -25.000 -283.112735 335.63591199999996
1701971433.177567 -3.66000 -0.00003 5970 -15.000 -283.112735 335.63591199999996
1701971433.177567 -3.66000 -0.00003 5978 -15.000 -283.112735 335.63591199999996
1701971433.177567 -3.66000 -0.00003 5957 -15.000 -283.112735 335.63591199999996
1701971433.177567 -3.66000 -0.00003 5962 -15.000 -283.112735 335.63591199999996
1701971433.177567 -3.66000 -0.00003 6029 -15.000 -283.112735 335.63591199999996
1701971444.0431545 -3.66000 -0.00003 5996 -25.000 -283.112735 335.63591199999996
1701971444.0431545 -3.66000 -0.00003 5988 -25.000 -283.112735 335.63591199999996
1701971444.0431545 -3.66000 -0.00003 6002 -25.000 -283.112735 335.63591199999996
1701971444.0431545 -3.66000 -0.00003 5950 -25.000 -283.112735 335.63591199999996
1701971444.0431545 -3.66000 -0.00003 5947 -25.000 -283.112735 335.63591199999996
1701971455.2179031 -3.68000 -0.00003 6077 -15.000 -303.60958 340.760123
1701971455.2179031 -3.68000 -0.00003 6043 -15.000 -303.60958 340.760123
1701971455.2179031 -3.68000 -0.00003 6047 -15.000 -303.60958 340.760123
1701971455.2179031 -3.68000 -0.00003 6030 -15.000 -303.60958 340.760123
1701971455.2179031 -3.68000 -0.00003 6025 -15.000 -303.60958 340.760123
1701971465.9815447 -3.68000 -0.00003 6031 -25.000 -303.60958 340.760123
1701971465.9815447 -3.68000 -0.00003 6052 -25.000 -303.60958 340.760123
1701971465.9815447 -3.68000 -0.00003 6062 -25.000 -303.60958 340.760123
1701971465.9815447 -3.68000 -0.00003 6049 -25.000 -303.60958 340.760123
1701971465.9815447 -3.68000 -0.00003 6044 -25.000 -303.60958 340.760123
1701971477.2669744 -3.70000 -0.00003 6135 -15.000 -288.236946 356.132757
1701971477.2669744 -3.70000 -0.00003 6119 -15.000 -288.236946 356.132757
1701971477.2669744 -3.70000 -0.00003 6135 -15.000 -288.236946 356.132757
1701971477.2669744 -3.70000 -0.00003 6129 -15.000 -288.236946 356.132757
1701971477.2669744 -3.70000 -0.00003 6164 -15.000 -288.236946 356.132757
1701971488.0214307 -3.70000 -0.00003 6177 -25.000 -288.236946 356.132757
1701971488.0214307 -3.70000 -0.00003 6160 -25.000 -288.236946 356.132757
1701971488.0214307 -3.70000 -0.00003 6110 -25.000 -288.236946 356.132757
1701971488.0214307 -3.70000 -0.00003 6156 -25.000 -288.236946 356.132757
1701971488.0214307 -3.70000 -0.00003 6176 -25.000 -288.236946 356.132757
1701971499.1981337 -3.72000 -0.00003 6197 -15.000 -293.361157 340.760123
1701971499.1981337 -3.72000 -0.00003 6200 -15.000 -293.361157 340.760123
1701971499.1981337 -3.72000 -0.00003 6218 -15.000 -293.361157 340.760123
1701971499.1981337 -3.72000 -0.00003 6240 -15.000 -293.361157 340.760123
1701971499.1981337 -3.72000 -0.00003 6210 -15.000 -293.361157 340.760123
1701971509.962927 -3.72000 -0.00003 6194 -25.000 -293.361157 340.760123
1701971509.962927 -3.72000 -0.00003 6241 -25.000 -293.361157 340.760123
1701971509.962927 -3.72000 -0.00003 6207 -25.000 -293.361157 340.760123
1701971509.962927 -3.72000 -0.00003 6194 -25.000 -293.361157 340.760123
1701971509.962927 -3.72000 -0.00003 6255 -25.000 -293.361157 340.760123
1701971521.3408325 -3.74000 -0.00003 6290 -15.000 -329.230636 356.132757
1701971521.3408325 -3.74000 -0.00003 6305 -15.000 -329.230636 356.132757
1701971521.3408325 -3.74000 -0.00003 6277 -15.000 -329.230636 356.132757
1701971521.3408325 -3.74000 -0.00003 6300 -15.000 -329.230636 356.132757
1701971521.3408325 -3.74000 -0.00003 6252 -15.000 -329.230636 356.132757
1701971532.0136433 -3.74000 -0.00003 6281 -25.000 -329.230636 356.132757
1701971532.0136433 -3.74000 -0.00003 6293 -25.000 -329.230636 356.132757
1701971532.0136433 -3.74000 -0.00003 6295 -25.000 -329.230636 356.132757
1701971532.0136433 -3.74000 -0.00003 6299 -25.000 -329.230636 356.132757
1701971532.0136433 -3.74000 -0.00003 6317 -25.000 -329.230636 356.132757
1701971543.2800908 -3.76000 -0.00003 6342 -15.000 -298.485368 351.00854599999997
1701971543.2800908 -3.76000 -0.00003 6389 -15.000 -298.485368 351.00854599999997
1701971543.2800908 -3.76000 -0.00003 6365 -15.000 -298.485368 351.00854599999997
1701971543.2800908 -3.76000 -0.00003 6378 -15.000 -298.485368 351.00854599999997
1701971543.2800908 -3.76000 -0.00003 6370 -15.000 -298.485368 351.00854599999997
1701971554.0695586 -3.76000 -0.00003 6365 -25.000 -298.485368 351.00854599999997
1701971554.0695586 -3.76000 -0.00003 6397 -25.000 -298.485368 351.00854599999997
1701971554.0695586 -3.76000 -0.00003 6369 -25.000 -298.485368 351.00854599999997
1701971554.0695586 -3.76000 -0.00003 6387 -25.000 -298.485368 351.00854599999997
1701971554.0695586 -3.76000 -0.00003 6366 -25.000 -298.485368 351.00854599999997
1701971565.1563067 -3.78000 -0.00003 6462 -15.000 -293.361157 366.38118
1701971565.1563067 -3.78000 -0.00003 6420 -15.000 -293.361157 366.38118
1701971565.1563067 -3.78000 -0.00003 6430 -15.000 -293.361157 366.38118
1701971565.1563067 -3.78000 -0.00003 6473 -15.000 -293.361157 366.38118
1701971565.1563067 -3.78000 -0.00003 6447 -15.000 -293.361157 366.38118
1701971575.9828136 -3.78000 -0.00003 6452 -25.000 -293.361157 366.38118
1701971575.9828136 -3.78000 -0.00003 6460 -25.000 -293.361157 366.38118
1701971575.9828136 -3.78000 -0.00003 6436 -25.000 -293.361157 366.38118
1701971575.9828136 -3.78000 -0.00003 6475 -25.000 -293.361157 366.38118
1701971575.9828136 -3.78000 -0.00003 6445 -25.000 -293.361157 366.38118
1701971587.2602026 -3.80000 -0.00003 6521 -15.000 -313.858002 366.38118
1701971587.2602026 -3.80000 -0.00003 6549 -15.000 -313.858002 366.38118
1701971587.2602026 -3.80000 -0.00003 6497 -15.000 -313.858002 366.38118
1701971587.2602026 -3.80000 -0.00003 6486 -15.000 -313.858002 366.38118
1701971587.2602026 -3.80000 -0.00003 6542 -15.000 -313.858002 366.38118
1701971598.045092 -3.80000 -0.00003 6515 -25.000 -313.858002 366.38118
1701971598.045092 -3.80000 -0.00003 6525 -25.000 -313.858002 366.38118
1701971598.045092 -3.80000 -0.00003 6520 -25.000 -313.858002 366.38118
1701971598.045092 -3.80000 -0.00003 6491 -25.000 -313.858002 366.38118
1701971598.045092 -3.80000 -0.00003 6507 -25.000 -313.858002 366.38118
1701971609.3009481 -3.82000 -0.00003 6604 -15.000 -298.485368 356.132757
1701971609.3009481 -3.82000 -0.00003 6580 -15.000 -298.485368 356.132757
1701971609.3009481 -3.82000 -0.00003 6603 -15.000 -298.485368 356.132757
1701971609.3009481 -3.82000 -0.00003 6582 -15.000 -298.485368 356.132757
1701971609.3009481 -3.82000 -0.00003 6614 -15.000 -298.485368 356.132757
1701971619.9635103 -3.82000 -0.00003 6608 -25.000 -298.485368 356.132757
1701971619.9635103 -3.82000 -0.00003 6597 -25.000 -298.485368 356.132757
1701971619.9635103 -3.82000 -0.00003 6583 -25.000 -298.485368 356.132757
1701971619.9635103 -3.82000 -0.00003 6561 -25.000 -298.485368 356.132757
1701971619.9635103 -3.82000 -0.00003 6596 -25.000 -298.485368 356.132757
1701971631.240011 -3.84000 -0.00003 6669 -15.000 -303.60958 356.132757
1701971631.240011 -3.84000 -0.00003 6690 -15.000 -303.60958 356.132757
1701971631.240011 -3.84000 -0.00003 6667 -15.000 -303.60958 356.132757
1701971631.240011 -3.84000 -0.00003 6672 -15.000 -303.60958 356.132757
1701971631.240011 -3.84000 -0.00003 6703 -15.000 -303.60958 356.132757
1701971642.016103 -3.84000 -0.00003 6648 -25.000 -303.60958 356.132757
1701971642.016103 -3.84000 -0.00003 6671 -25.000 -303.60958 356.132757
1701971642.016103 -3.84000 -0.00003 6657 -25.000 -303.60958 356.132757
1701971642.016103 -3.84000 -0.00003 6676 -25.000 -303.60958 356.132757
1701971642.016103 -3.84000 -0.00003 6691 -25.000 -303.60958 356.132757
1701971653.388829 -3.86000 -0.00003 6803 -15.000 -329.230636 386.87802500000004
1701971653.388829 -3.86000 -0.00003 6745 -15.000 -329.230636 386.87802500000004
1701971653.388829 -3.86000 -0.00003 6748 -15.000 -329.230636 386.87802500000004
1701971653.388829 -3.86000 -0.00003 6769 -15.000 -329.230636 386.87802500000004
1701971653.388829 -3.86000 -0.00003 6747 -15.000 -329.230636 386.87802500000004
1701971664.0557063 -3.86000 -0.00003 6727 -25.000 -329.230636 386.87802500000004
1701971664.0557063 -3.86000 -0.00003 6748 -25.000 -329.230636 386.87802500000004
1701971664.0557063 -3.86000 -0.00003 6781 -25.000 -329.230636 386.87802500000004
1701971664.0557063 -3.86000 -0.00003 6765 -25.000 -329.230636 386.87802500000004
1701971664.0557063 -3.86000 -0.00003 6697 -25.000 -329.230636 386.87802500000004
1701971675.219695 -3.88000 -0.00003 6858 -15.000 -313.858002 361.25696800000003
1701971675.219695 -3.88000 -0.00003 6829 -15.000 -313.858002 361.25696800000003
1701971675.219695 -3.88000 -0.00003 6841 -15.000 -313.858002 361.25696800000003
1701971675.219695 -3.88000 -0.00003 6813 -15.000 -313.858002 361.25696800000003
1701971675.219695 -3.88000 -0.00003 6786 -15.000 -313.858002 361.25696800000003
1701971685.9833236 -3.88000 -0.00003 6840 -25.000 -313.858002 361.25696800000003
1701971685.9833236 -3.88000 -0.00003 6832 -25.000 -313.858002 361.25696800000003
1701971685.9833236 -3.88000 -0.00003 6825 -25.000 -313.858002 361.25696800000003
1701971685.9833236 -3.88000 -0.00003 6809 -25.000 -313.858002 361.25696800000003
1701971685.9833236 -3.88000 -0.00003 6838 -25.000 -313.858002 361.25696800000003
1701971697.2603188 -3.90000 -0.00003 6913 -15.000 -303.60958 371.50539100000003
1701971697.2603188 -3.90000 -0.00003 6896 -15.000 -303.60958 371.50539100000003
1701971697.2603188 -3.90000 -0.00003 6895 -15.000 -303.60958 371.50539100000003
1701971697.2603188 -3.90000 -0.00003 6923 -15.000 -303.60958 371.50539100000003
1701971697.2603188 -3.90000 -0.00003 6891 -15.000 -303.60958 371.50539100000003
1701971708.0356116 -3.90000 -0.00003 6942 -25.000 -303.60958 371.50539100000003
1701971708.0356116 -3.90000 -0.00003 6925 -25.000 -303.60958 371.50539100000003
1701971708.0356116 -3.90000 -0.00003 6920 -25.000 -303.60958 371.50539100000003
1701971708.0356116 -3.90000 -0.00003 6890 -25.000 -303.60958 371.50539100000003
1701971708.0356116 -3.90000 -0.00003 6888 -25.000 -303.60958 371.50539100000003
1701971719.198883 -3.92000 -0.00003 6984 -15.000 -303.60958 361.25696800000003
1701971719.198883 -3.92000 -0.00003 6968 -15.000 -303.60958 361.25696800000003
1701971719.198883 -3.92000 -0.00003 6993 -15.000 -303.60958 361.25696800000003
1701971719.198883 -3.92000 -0.00003 6972 -15.000 -303.60958 361.25696800000003
1701971719.198883 -3.92000 -0.00003 6994 -15.000 -303.60958 361.25696800000003
1701971729.9629776 -3.92000 -0.00003 6945 -25.000 -303.60958 361.25696800000003
1701971729.9629776 -3.92000 -0.00003 6979 -25.000 -303.60958 361.25696800000003
1701971729.9629776 -3.92000 -0.00003 6996 -25.000 -303.60958 361.25696800000003
1701971729.9629776 -3.92000 -0.00003 7012 -25.000 -303.60958 361.25696800000003
1701971729.9629776 -3.92000 -0.00003 6994 -25.000 -303.60958 361.25696800000003
1701971741.1396794 -3.94000 -0.00003 7070 -15.000 -318.982214 371.50539100000003
1701971741.1396794 -3.94000 -0.00003 7049 -15.000 -318.982214 371.50539100000003
1701971741.1396794 -3.94000 -0.00003 7012 -15.000 -318.982214 371.50539100000003
1701971741.1396794 -3.94000 -0.00003 7090 -15.000 -318.982214 371.50539100000003
1701971741.1396794 -3.94000 -0.00003 7027 -15.000 -318.982214 371.50539100000003
1701971750.9917905 -3.94000 -0.00003 7062 -25.000 -318.982214 371.50539100000003
1701971750.9917905 -3.94000 -0.00003 7054 -25.000 -318.982214 371.50539100000003
1701971750.9917905 -3.94000 -0.00003 7065 -25.000 -318.982214 371.50539100000003
1701971750.9917905 -3.94000 -0.00003 7033 -25.000 -318.982214 371.50539100000003
1701971750.9917905 -3.94000 -0.00003 7077 -25.000 -318.982214 371.50539100000003
1701971762.2713368 -3.96000 -0.00003 7123 -15.000 -318.982214 392.002236
1701971762.2713368 -3.96000 -0.00003 7132 -15.000 -318.982214 392.002236
1701971762.2713368 -3.96000 -0.00003 7174 -15.000 -318.982214 392.002236
1701971762.2713368 -3.96000 -0.00003 7140 -15.000 -318.982214 392.002236
1701971762.2713368 -3.96000 -0.00003 7159 -15.000 -318.982214 392.002236
1701971773.0398376 -3.96000 -0.00003 7121 -25.000 -318.982214 392.002236
1701971773.0398376 -3.96000 -0.00003 7129 -25.000 -318.982214 392.002236
1701971773.0398376 -3.96000 -0.00003 7113 -25.000 -318.982214 392.002236
1701971773.0398376 -3.96000 -0.00003 7117 -25.000 -318.982214 392.002236
1701971773.0398376 -3.96000 -0.00003 7145 -25.000 -318.982214 392.002236
1701971784.208971 -3.98000 -0.00003 7168 -15.000 -303.60958 366.38118
1701971784.208971 -3.98000 -0.00003 7212 -15.000 -303.60958 366.38118
1701971784.208971 -3.98000 -0.00003 7195 -15.000 -303.60958 366.38118
1701971784.208971 -3.98000 -0.00003 7239 -15.000 -303.60958 366.38118
1701971784.208971 -3.98000 -0.00003 7207 -15.000 -303.60958 366.38118
1701971794.972736 -3.98000 -0.00003 7238 -25.000 -303.60958 366.38118
1701971794.972736 -3.98000 -0.00003 7222 -25.000 -303.60958 366.38118
1701971794.972736 -3.98000 -0.00003 7188 -25.000 -303.60958 366.38118
1701971794.972736 -3.98000 -0.00003 7217 -25.000 -303.60958 366.38118
1701971794.972736 -3.98000 -0.00003 7213 -25.000 -303.60958 366.38118
1701971806.2497423 -4.00000 -0.00003 7248 -15.000 -318.982214 381.753813
1701971806.2497423 -4.00000 -0.00003 7295 -15.000 -318.982214 381.753813
1701971806.2497423 -4.00000 -0.00003 7283 -15.000 -318.982214 381.753813
1701971806.2497423 -4.00000 -0.00003 7312 -15.000 -318.982214 381.753813
1701971806.2497423 -4.00000 -0.00003 7291 -15.000 -318.982214 381.753813
1701971817.0263314 -4.00000 -0.00003 7273 -25.000 -318.982214 381.753813
1701971817.0263314 -4.00000 -0.00003 7323 -25.000 -318.982214 381.753813
1701971817.0263314 -4.00000 -0.00003 7266 -25.000 -318.982214 381.753813
1701971817.0263314 -4.00000 -0.00003 7271 -25.000 -318.982214 381.753813
1701971817.0263314 -4.00000 -0.00003 7301 -25.000 -318.982214 381.753813
